x	y	z	num	sum1	ran_num	sum2
172.298	252.181	223.613	14445	23959	6509	7231
174.968	250.129	221.763	9514	54213	722	11215
177.648	250.85	219.22	21168	32954	814	2346
180.011	249.121	216.808	2272	24162	810	2458
183.453	248.37	218.262	722	16611	834	2126
184.863	248.078	214.751	13617	22942	482	13176
188.538	247.181	215.047	7204	21710	10341	14918
189.196	248.675	218.486	889	8878	4095	16167
190.407	246.657	221.485	785	15266	1731	15873
193.792	245.4	220.288	12586	14855	5835	8042
196.747	245.65	222.636	1484	409836	476	17373
200.327	244.427	222.675	2902	5253	696	3941
200.053	240.856	224.12	867	10064	2769	12534
203.529	240.903	225.672	6295	7819	9069	14231
206.681	242.96	226.183	657	7441	2393	24731
208.672	241.612	223.246	489	9366	13269	16658
209.777	243.828	220.413	8220	9375	996	14415
208.8	242.534	217.009	666	11183	150	2265
208.929	244.197	213.627	2297	4851	1119	2845
208.029	243.526	210	1088	7835	631	82006
206.147	240.384	210.983	1075	2638	72030	73881
202.699	238.851	211.189	475	13682	1220	77422
202.358	237.23	214.603	11292	12883	3332	5555
199.597	234.849	215.665	1116	32273	1003	16512
198.577	235.02	219.312	6905	17147	11292	13914
195.701	233.95	221.541	9126	187582	1619	14951
194.647	236.304	224.304	168201	190206	1393	6670
191.661	238.173	225.661	12879	203093	3658	14499
190.867	240.716	222.947	10341	24938	981	9939
187.742	242.64	222.084	1006	13676	4212	8456
186.138	240.677	219.17	832	10260	444	5585
185.966	242.693	215.988	8422	10653	929	2892
182.707	244.416	215.144	1399	39187	1519	3934
181.175	243.288	218.436	15749	17956	1004	4359
178.566	245.29	220.411	808	20230	1836	4281
179.796	247.556	223.249	3673	5817	1441	6602
177.362	249.212	225.594	981	22273	2317	5333
177.166	252.966	225.12	8105	22435	853	5340
176.689	255.142	228.227	2831	14732	600	14332
176.039	258.907	228.349	3796	940533	12879	31682
176.984	261.833	230.593	931507	3983819	1584	16367
174.592	264.613	229.582	3048516	3990073	1904	4993
171.561	266.463	231.139	10050	3058566	1505	3409
175.109	257.267	233.934	42141	43375	1623	2971
177.538	255.332	236.194	1234	46377	1348	3349
175.855	251.912	236.799	3002	218862	378	4557
177.633	248.839	238.026	214626	228399	2831	15708
178.617	246.596	235.13	9765	227651	10712	14314
179.781	242.948	235.098	3260	18170	771	23422
183.515	242.473	234.632	1172	10971	11336	14507
183.189	238.965	233.183	1637	5615	791	14586
186.58	237.756	231.944	2806	4942	2459	3871646
187.991	241.193	231.249	499	6450	3868396	3981463
186.817	244.58	230.124	2905	9250	4305	3875869
187.459	246.881	227.261	4417	12195	2103	19587
186.782	250.444	228.229	565	10362	4915	14880
186.775	253.567	226.161	1882	8190	7068	18504
185.743	257.111	226.621	5068	1990495	685	9190
185.423	260.36	224.789	1981671	1998938	676	6446
186.298	263.648	226.444	4943	1997855	2254	23214
186.228	267.388	226.01	11241	49865	20284	22818
186.501	268.38	229.673	33681	56378	280	3571517
187.991	265.381	231.541	11456	47137	3550953	3552355
184.703	264.289	233.166	2000	20996	1122	3552977
185.62	260.65	233.602	3162	13101	201	8668
188.209	260.485	236.302	3600	7443	6674	7325
188.174	257.003	237.716	681	7146	450	10037
187.178	253.382	238.178	154	22964	971	23100
186.089	251.005	240.954	1586	8093	9503	11493
186.674	247.236	240.746	3895	14126	663	29551
185.467	244.498	243.113	3982	19921	13617	21983
182.488	242.274	243.936	2005	8326	2469	17336
180.287	244.354	246.246	2339	6757	1250	4510
182.019	247.788	246.187	2413	11578	791	5936
180.675	248.626	249.686	6826	60804	3895	6564
183.584	248.391	252.202	51565	64795	1878	10801
182.908	244.674	252.711	2543	56373	675	4427
185.682	243.591	250.339	2265	5481	1874	3648165
188.832	245.038	248.839	673	13539	3645616	3650465
188.145	247.246	245.857	8507	16873	1252	3665617
190.582	248.773	243.416	3711	27647	5132	8368
190.174	252.508	243.061	2458	8335	356	19959
191.784	254.589	240.358	580	5946	4968	7840
191.345	258.381	240.365	1467	4826	1415	7992
192.922	261.092	238.234	2098	7826	1159	196541
192.399	264.56	239.821	2995	6564	4487	13786
194.108	267.47	237.911	1471	5740	8140	13826
197.672	266.217	237.481	1274	3521	1199	10052
197.788	263.442	240.098	776	3316	713	191392
196.95	259.825	239.378	1266	5438	189480	215837
195.978	257.975	242.54	1298	7152	24485	215491
195.681	254.209	242.921	1441	4364	1101	33083
194.425	252.481	246.065	1045	12574	2529	9416
193.088	248.998	246.931	9076	14135	965	12443
191.438	249.673	250.329	303	12297	3817	10585
188.102	248.326	251.65	2094	55260	1723	3653645
186.589	251.647	250.7	625	55426	611	6231
183.25	252.873	251.796	1142	54185	2019	6145
181.704	254.04	248.606	853	2760	1637	4758
178.633	256.207	248.364	765	8617	1102	1984738
175.233	254.819	247.417	4530	111598	1981671	4237893
175.922	256.541	244.102	106303	113302	2255120	4237119
179.692	257.337	243.839	2469	113029	328	2257554
180.763	260.504	242.085	3492	9684	1004	1865
183.3	263.272	242.325	3723	5466312	533	3833
182.206	266.883	242.51	5454719	6567942	1595	7057
183.955	269.743	240.652	1107114	6561833	3727	5322
192.806	247.128	255.56	733	1557	511	4591
194.717	248.685	252.583	824	2879	4080	25261
197.34	246.556	250.717	1019	2632	16853	21913
198.487	249.135	248.143	789	2820	980	22654
198.775	252.855	247.462	1012	5331	4821	9636
200.363	254.896	244.673	2485	6644	1306	6552
200.345	258.583	243.792	3147	8906	425	36716
201.828	260.289	240.682	1976	5123	10500	10925
184.848	265.371	221.627	10500	2679512	7101	16085
188.623	266.11	221.414	1245	86913	1429	10781
190.225	263.22	223.301	1775	16941	1075	6459
189.743	259.453	223.056	7256	2067550	2831	6125
191.097	257.404	225.923	76848	85927	1543	19542
191.011	253.649	225.459	675	79691	5836	15372
191.779	251.133	228.182	286	5438	925	16909
191.959	247.409	228.723	3953	9274	7256	16355
191.433	245.933	232.157	163	4356	1756	115315
191.988	242.223	232.748	240	1533	106303	3977424
192.667	239.901	235.691	631	3066	969	108990
194.996	236.951	235.34	1662	4749	918	2652
195.903	234.928	238.428	2456	5321	765	10759
195.421	237.934	240.725	1203	10938	9076	16186
197.233	240.417	238.473	6364	9220	2348	19389
195.281	243.45	237.303	533	8084	800	9229
196.732	244.388	233.945	556	5947	5112	10222
196.131	247.83	232.476	1477	2488	3953	13380
196.702	248.827	228.862	455	7088	4315	19237
195.806	252.172	227.399	524	2361	2892	10108
196.084	254.635	224.56	1096	2768	1976	14200
195.332	258.329	224.313	1148	84294	9332	13877
194.663	259.897	220.931	5202	13015	1026	11482
193.204	263.205	219.626	6665	87035	1124	4401
189.809	262.973	217.948	73393	972247	1176	3934
187.273	265.191	216.183	890944	977606	205	2584
183.945	263.44	216.749	13269	3571980	1203	8963
181.1	263.837	219.231	2667767	3538152	7555	17441
178.479	261.275	218.261	846616	3547150	1582	931930
180.262	257.941	218.683	32767	887034	922793	935996
183.547	255.988	218.788	7651	45534	11621	936353
185.796	256.922	215.824	5116	16425	1939	14702
186.456	254.128	213.357	3658	13906	1142	3779
190.071	253.116	212.849	5132	9839	698	2904
192.878	251.078	214.351	1049	33392	1064	4625
195.259	251.848	217.184	27211	420222	2863	6782
197.06	249.376	219.425	391962	421559	2855	13705
197.25	249.837	223.191	902	395741	7511	11014
200.503	249.482	225.129	1393	2974	172	8504
200.618	248.116	228.728	679	3908	821	8369
201.306	250.605	231.48	1381	4915	3061	4521
200.501	249.035	234.829	2855	7617	639	4057
200.354	245.589	236.43	3381	8081	357	7610
198.989	245.499	239.985	1289	5790	1502	9024
199.407	242.269	242.078	1120	25417	7165	11930
196.232	242.984	244.007	16644	18679	915	12077
194.91	239.433	244.366	915	27208	3997	15225
191.344	240.74	244.29	8446	20723	1237	3538387
188.413	238.695	242.927	11362	21340	3533153	3538372
186.731	241.18	240.525	1532	17805	3982	3551758
183.295	240.417	239.138	929	7606	1006	16927
181.833	243.919	238.868	3973	10286	603	14352
183.053	247.431	238.246	952	9826	636	3689
181.818	251.016	238.227	1006	237127	1787	17430
183.058	254.314	236.811	20543	22947	12176	15461
183.555	257.719	238.456	1244	26807	527	13824
182.317	260.956	236.883	4339	13123	671	2100
183.133	264.609	237.704	4378	16826	701	4229
179.93	266.58	238.188	2386	5476042	1202	7541
179.473	270.394	238.087	14559	16945	4043	5245
181.455	262.462	228.245	3544	5943	697	17316
180.119	259.139	226.915	2399	11613	16619	30956
181.898	255.885	227.566	1874	10345	761	18913
181.79	252.372	226.266	1004	14481	848	3256
182.062	248.977	227.869	3498	5422	794	7565
182.963	245.862	225.936	355	13372	1008	6411
184.09	242.428	226.962	1429	5401	1065	7466
187.132	240.436	226.051	712	14307	1088	9148
187.184	236.896	224.675	819	25263	1802	13213
190	234.307	224.145	10853	28073	6665	12615
190.157	234.931	220.416	3522	17725	490	7802
193.109	234.296	218.182	3350	16427	647	18235
194.435	237.335	216.397	429	25169	15479	17517
196.926	237.797	213.625	12960	48596	885	40749
198.806	240.977	214.475	846	16064	15749	18845
200.661	242.997	211.867	840	2645	840	39292
203.812	244.74	213.076	484	3895	21483	28870
205.299	247.393	210.8	965	4947	6361	30340
208.963	248.331	210.383	2410	5994	1865	17077
208.948	250.349	213.694	1531	4741	8220	11030
207.385	247.437	215.686	800	11137	945	10612
204.007	249.135	215.796	6509	8915	328	1459
200.915	247.04	215.406	1606	10435	186	26601
199.158	248.681	212.489	1836	4836	4604	3563077
196.507	246.103	211.717	1394	4648	3558287	3564262
194.95	242.865	212.943	1418	36903	1371	3583040
192.735	239.936	211.945	33245	56053	7633	10395
190.11	238.456	214.235	8430	42718	506	25371
190.35	234.782	213.222	614	11598	1753	8502
186.68	234.013	214.217	1700	3544	3342	5660
185.065	237.1	212.672	1230	27975	565	80755
184.083	235.444	209.387	25045	27440	76848	77849
185.32	232.809	206.816	1165	45837	436	81695
187.546	235.325	205.069	18773	21465	1510	3353
189.319	236.197	208.294	1527	21482	1407	237258
189.708	232.491	209.027	854	14872	2901	14943
191.407	232.158	205.636	10712	11894	8446	242787
193.715	235.107	206.318	328	12810	231440	257904
194.797	233.594	209.687	243	15462	16611	252114
195.315	230.1	208.11	13386	14831	2399	23540
197.604	231.508	205.438	1202	16093	4530	8593
199.288	233.904	207.876	1505	5068	1664	23482
198.624	236.839	205.569	2118	15244	677	4459
196.379	239.872	205.233	11621	19330	2118	3405
196.077	239.182	201.528	5591	24054	610	5208
194.37	236.119	200.093	6842	16424	2480	3924
195.078	234.954	196.58	3991	11686	834	6020
192.317	233.79	194.35	525	7785	1235	5287
191.385	230.16	194.991	527	21250	527	2822
189.845	227.674	197.396	20198	26478	1060	11486
191.425	227.136	200.782	1547	22970	385	3107
190.805	224.64	203.543	1225	3517	1662	7646
190.709	226.664	206.715	436	3418	1289	5114
188.869	224.783	209.402	1757	3274	2163	4936
186.666	221.914	210.454	1081	3726	1484	6318
182.955	221.938	211.064	450	1784	618	24741
181.816	220.018	214.089	253	6995	22639	26262
178.338	219.731	215.5	5816	11702	2272	33418
178.37	220.28	219.231	5633	12295	8507	11751
176.395	218.274	221.832	846	15356	972	3881064
173.488	219.996	223.533	7477	9969	822570	831964
173.259	218.067	226.798	1646	9760	8422	831416
174.986	215.237	228.608	637	5305	424	12247
173.585	211.743	229.128	262	7919	1174	38945
174.642	209.808	232.2	2008	5780	36841	53272
173.745	206.158	232.58	676	3781	12586	51339
174.448	203.726	235.431	610	4112	936	13831
172.544	200.634	236.721	2826	5467	309	2600
169.749	201.952	238.996	945	4251	488	10780
171.108	200.275	242.172	480	2196	9983	11881
170.813	201.84	245.64	771	3731	1410	11815
172.797	199.355	247.742	2480	6248	422	169743
175.866	200.86	249.387	1220	13742	157317	170859
179.271	199.091	249.265	8978	14078	8638	182767
180.443	197.575	252.664	2103	12385	6218	15934
183.702	199.466	253.027	1304	3825853	1078	28464
183.054	199.918	256.738	3822446	3826738	21168	25385
183.217	196.134	257.117	2988	3826319	3139	25110
186.758	196.213	255.732	885	4802	803	4842
188.25	199.385	257.184	929	11317	900	3512
186.56	199.262	260.676	9503	14803	1809	3772
186.941	195.43	261.072	4371	24468	1063	4612
187.461	194.085	264.574	10594	1144901	1740	8616
190.592	192.211	263.469	1129936	1140783	5813	7726
192.802	192.243	260.409	253	1134504	173	8372
194.355	189.073	259.015	4315	5880	2386	5344
198.072	188.337	258.993	701	5334	1601	4545
200.054	189.127	255.863	318	2182	558	6139
200.992	185.464	255.318	883	5135	2414	4252
197.248	184.758	255.113	2239	3402	459	4439
195.716	187.971	253.862	280	27322	1566	3107
191.983	188.258	253.284	24485	26155	524	3072
190.416	189.073	249.937	1390	55384	982	2401
186.903	190.474	250.142	29148	35025	289	1857
184.755	190.856	247.059	4487	35705	586	8758
182.837	194.09	246.624	1309	11095	5148	6071
179.982	193.893	244.12	5299	7588	337	12390
176.394	194.873	243.316	980	9178	6905	4497195
176.623	198.224	245.147	1777	15279	10594	31041
177.314	202.005	245.062	1064	4667	4482	173598
180.868	202.845	245.985	606	2219	1205	9985
181.349	206.268	247.48	378	1818	2831	4346
185.088	206.833	247.535	834	2077	310	24985
184.815	210.387	248.787	865	8060	21844	23179
184.43	209.05	252.284	6361	196706	1025	23802
187.658	207.095	252.177	189480	197643	933	15063
189.571	209.849	250.394	1802	193467	13105	18464
188.388	212.77	252.537	2185	4449914	4426	17951
188.813	210.869	255.817	4445927	4449380	420	6018
191.806	212.172	257.776	1268	8005275	1172	6089
192.299	208.862	259.589	3558080	3560390	4497	6262
194.54	207.427	256.873	1042	7117559	593	6546
198.317	207.713	257.004	3558287	6214749	1277	4426
198.463	207.167	253.284	2655270	6214617	2377	8856
196.134	206.906	250.3	1060	2657937	5202	82104
198.285	206.274	247.269	483	1737	1132	7376
196.767	205.433	243.873	194	17994	1042	9702
198.777	203.681	241.132	589	1286	2862	28554
195.829	202.951	238.864	503	14112	24650	28911
193.564	205.964	238.628	6240	7424	293	25532
193.404	209.31	240.383	681	11734	589	1036
191.378	209.134	243.668	4813	9976	154	1675
189.006	211.934	242.7	4482	9651	932	11426
187.97	210.213	239.468	356	5154	10340	12085
186.725	207.161	241.365	316	1144	813	14832
183.356	208.81	241.854	472	2544	3679	6204
182.588	208.886	238.103	1585	2650	245	8737
184.478	205.8	236.981	593	3502	4813	10844
183.111	202.309	237.75	1084	5179	5299	1118081
184.249	198.689	237.879	2769	7135	1107114	1115415
183.306	195.123	237.038	3282	19066	3002	1111958
184.55	194.135	240.49	1679	13599	681	4155
186.494	195.616	243.384	8638	11504	472	5132
188.541	193.524	245.798	761	15763	2735	4981
189.823	194.535	249.198	1877	4251	1188	4958
193.004	192.824	250.34	361	4651	606	3369
193.169	193.221	254.13	599	2010	240	3546
196.137	192.5	256.405	611	6517	1184	6858
198.632	193.77	259.035	992	2267	3048	5829
202.253	194.761	258.325	444	2653	962	4471
205.037	196.673	260.068	1217	2886	461	3930
205.067	200.449	259.362	221	2654491	1532	9539
208.361	200.645	257.474	2651869	2653911	4197	9906
207.046	197.983	255.071	637	2655838	828	5500
204.135	200.12	253.834	3332	2622424	475	23371
206.413	201.398	251.069	2618455	2622004	22068	23339
206.786	197.87	249.663	217	3011241	796	206580
203.133	197.442	248.771	392569	400078	183716	185857
203.284	198.938	245.315	7292	401670	1345	209661
203.778	197.835	241.675	1809	51273	24600	35912
207.441	197.801	240.695	37090	45779	7628	34684
208.685	197.275	244.261	6880	45131	2456	11631
210.821	194.461	245.58	1161	8712	1547	4854
211.92	193.433	249.05	671	3540696	851	2937
211.305	190.849	251.74	3538864	3540348	539	892334
207.56	191.637	251.873	813	3541539	890944	892637
206.947	192.538	248.236	1862	3466	1154	896637
208.68	189.36	247.097	791	4466	4539	18816
207.962	186.855	249.876	1813	2918	13123	18557
204.502	187.381	251.383	314	2685	895	16037
202.457	189.937	249.435	558	1973	2019	10391
203.013	190.597	245.754	1101	3863	7477	64601
201.15	193.045	243.515	620	4138	567	65842
201.095	192.953	239.689	833	6994	3260	9839
203.416	195.557	238.216	5082	9221	2339	32438
200.443	196.625	236.109	1497	7038	2239	8251
198.308	196.885	239.25	459	5143	3673	9852
195.316	199.138	239.007	2354	7742	680	29429
194.062	200.629	242.216	4426	26107	426	33234
194.901	202.324	245.524	16728	23500	4666	9229
196.823	201.272	248.68	2152	20428	3095	81507
195.309	202.664	251.849	1124	6092	73393	84647
196.936	202.338	255.252	1756	3517	2957	78229
196.809	203.667	258.798	150	3561814	179	5734
198.532	202.758	262.029	579	18357	728	9339
196.861	200.565	264.617	775	39691	6424	8549
199.196	201.482	267.452	38337	3470421	1397	8695
196.185	202.27	269.61	3431309	3472390	874	3362
194.311	199.097	268.723	2744	3434856	1091	394534
196.408	196.067	267.712	803	4114	392569	395333
199.521	196.826	269.753	567	3846015	1673	416907
199.622	195.505	273.376	291814	3843759	926	4205
202.929	192.499	273.006	425	3844199	1116	4976
200.599	191.409	270.148	1007	7104	2444	25478
202.11	188.272	268.624	3794	924178	669	56700
199.151	187.245	266.486	18192	22858	52990	61058
200.641	188.69	263.298	872	3887460	7399	111954
202.768	186.366	261.19	3868396	3886340	51565	61855
204.551	186.968	257.889	1695	3871709	821	55467
206.516	184.717	255.465	735	3160	667	2277
203.099	185.31	242.032	558	2142	207	54745
200.688	188.378	242.264	1584	4423	54538	63612
197.875	187.858	244.748	560	3179	823	55727
199.372	184.562	245.953	1035	2409	366	15748
198.347	183.428	249.46	814	2697	14559	22142
201.154	181.24	250.782	848	2348	7217	23992
199.229	179.413	253.561	686	1534	2216	9433
214.881	176.463	259.971	12253	243693	2760	5665
211.445	177.95	259.074	231440	244362	2905	6939
210.538	180.761	256.584	669	232839	1274	4968
207.854	181.797	259.116	730	1990411	789	3615
208.437	184.861	261.314	1988277	2004384	885	3744
206.191	187.078	263.448	15377	5873152	2070	55555
206.048	190.469	265.153	1102	917664	1035	3702
205.481	191.457	268.77	901185	907959	597	23550
203.699	194.753	268.391	1878	4455590	21249	26453
203.898	197.118	271.361	3550953	3849634	490	28835
202.559	200.725	271.738	3997	3556321	3381	4670
206.066	201.897	272.625	1371	4484727	799	21554
207.75	200.641	269.368	4479359	4480730	17374	18173
206.646	204.655	264.4	2070	3254	531	3880
208.369	202.414	261.76	1184	6208266	3349	2677376
208.024	199.506	264.169	3552922	3554307	2667767	2673743
204.326	200.016	264.86	201	3554127	2627	2671369
201.649	197.843	263.188	1004	19275	975	6071
199.742	199.169	260.218	16853	18656	2008	4346
196.427	198.117	258.837	220	18552	635	7391
196.574	198.064	255.097	487	2902	1700	6808
193.784	197.59	252.637	439	1949	1516	3809
194.596	197.282	248.977	424	4628	353	5999
191.766	198.093	246.631	1252	5649	429	4782
192.143	196.228	243.37	2096	8200	2812	4911
189.931	197.553	240.608	426	12348	1244	7878
188.98	195.717	237.439	1188	3728	3350	5894
188.262	198.249	234.67	2114	12371	1300	851266
187.975	195.822	231.797	9069	13103	846616	848547
185.079	196.76	229.55	1920	19129	631	880492
182.376	194.432	230.764	8140	17197	33245	35881
179.131	194.91	232.763	7137	26613	2005	36411
179.843	197.048	235.819	11336	22877	1161	4485527
178.617	196.113	239.271	1122	13763	4479359	4490169
180.391	198.638	241.51	325	2180	2744	4482958
179.56	202.251	240.463	733	2313	855	10365
179.993	205.658	242.151	171	2824	1467	9058
177.43	207.996	243.777	842	1389	1852	7042
176.351	209.659	240.577	376	2149	3723	14533
172.77	210.144	239.508	931	1794	8958	13657
171.679	209.079	236.069	487	9535	976	61516
169.814	211.219	233.575	5433	7679	2155	3691
167.23	210.397	230.939	1759	7682	560	3313
168.472	209.208	227.569	490	3100	598	22822
167.833	211.215	224.427	851	2419	21664	24037
167.891	209.532	221.034	1078	4408	1775	24174
168.747	210.839	217.569	2479	3912	735	6214
170.435	213.979	218.885	355	3006	3704	4938
174.123	214.922	219.392	172	3968	499	3053862
174.891	214.34	223.106	1228	5006	3048516	3052214
177.821	214.029	225.491	2760	11502	2227	3052821
177.384	210.548	226.913	5012	10381	506	5602
178.694	208.578	229.871	2347	952586	1695	47844
177.909	204.866	230.071	20426	24434	4452	10352
179.321	203.238	233.191	862	21528	1399	6338
182.268	205.655	233.179	240	2494	487	9505
182.83	205.363	229.4	799	944258	2806	12095
182.556	208.734	227.773	922793	926332	4350	9471
182.396	210.252	224.326	393	925051	620	6118
180.319	212.434	222.036	1865	5175	1148	4440
177.904	211.189	219.427	157	4967	445	5858
174.371	210.482	218.358	1367	2815	171	1493
172.663	207.584	220.118	1119	4612	378	925
170.235	205.66	217.927	2126	10410	376	1079
168.257	202.435	217.989	7165	10423	325	2815
170.147	199.493	216.547	1132	15696	2114	3721
169.828	195.995	215.194	7399	8784	1282	4318
173.133	194.817	216.627	253	12099	922	3036
172.564	191.589	218.445	4447	5381	832	1993
174.853	191.745	221.405	681	6131	239	2843
175.236	188.474	223.188	1003	3348	1772	3722
174.03	188.546	226.857	1664	25306	1711	3933
177.602	188.746	228.165	22639	24542	450	2610
178.617	191.643	225.901	239	23335	449	1302
178.374	195.196	227.146	457	2330	403	2253
180.305	197.268	224.638	1634	4320	1401	5777
180.997	196.958	220.924	1300	11112	2555	16389
184.081	198.246	219.118	961	78216	3391	3438393
185.186	199.538	215.732	1355	8534	3431309	3436872
188.477	198.998	213.861	6218	833980	2172	3453907
190.026	202.016	215.6	826407	835252	20426	31576
189.103	200.459	218.99	2627	847667	8978	32169
186.57	203.229	219.47	18633	28815	2765	12200
183.134	202.433	220.801	7555	94194	457	7294
180.728	201.303	218.084	67045	82778	681	13571
177.655	200.604	220.198	7217	78230	9042	14120
176.683	200.229	223.842	929	10788	1418	13119
174.167	198.371	225.933	1008	6088	1258	9042
172.168	200.734	228.102	3172	4768	4417	906860
172.943	199.662	231.738	588	4846	901185	906469
169.412	200.334	233.015	1086	4853	867	904100
167.395	198.956	230.117	353	2784	1739	6400
169.133	196.255	228.161	1345	13874	3794	14003
168.814	197.598	224.621	12176	14500	8470	14213
171.583	198.33	222.142	979	16532	1949	12188
172.34	201.848	221.017	2369	5087	511	2884
174.501	202.669	218.027	1739	18393	424	16217
176.92	205.524	218.398	7068	10326	6240	6825
177.417	207.693	215.352	1519	9562	161	8495
179.886	210.583	215.867	975	3254	2094	4700
178.243	214.003	215.394	603	2706	2000	4994
178.447	215.485	211.847	971	2050	455	3188
181.739	217.025	210.882	476	1945	733	29090
183.822	217.868	207.849	245	1159	5263	8049
186.441	220.19	206.446	438	3703	2053	26992
185.483	223.764	205.729	1939	4359	18192	29002
186.811	225.472	202.659	309	4239	4310	24686
186.555	229.076	201.659	766	5596	522	14503
186.066	229.946	198.035	4206	25498	9514	12853
187.266	233.377	197.263	328	8543	1757	16013
188.276	235.702	194.422	2414	3595	1220	5683
191.477	237.381	195.382	328	9687	1471	9782
191.118	240.099	198.031	2429	6837	5022	7172
192.466	242.551	195.387	4080	8763	679	7095
189.012	242.082	193.678	2254	7031	1394	3570685
186.518	241.385	196.456	697	19562	3568612	3570370
186.105	240.471	200.11	16611	19481	364	3569599
183.027	238.37	199.36	2173	20379	623	4509
183.437	234.658	199.964	1595	4731	3522	15688
181.487	231.421	199.617	635	4700	9786	14416
181.83	228.57	202.071	315	2206	157	13460
181.95	224.905	201.286	490	3652	2995	7718
181.193	222.444	204.024	1673	58640	4447	27111
182.892	219.338	202.778	54538	7608073	1477	9270
181.025	216.062	202.644	7546441	7608748	2385	5086
177.958	217.223	204.578	2348	7551354	263	3334
174.251	217.656	203.816	2565	5741	686	3945
172.575	221.116	203.857	828	13179	2996	7550123
170.883	220.162	207.17	9786	18247	7546441	7549894
173.264	220.184	210.16	7633	22387	457	7547154
175.111	223.308	208.837	4968	12601	256	713
171.478	230.884	198.464	2704	5148	50719	53016
172.465	227.245	199.291	2444	13174	2297	61794
173.628	224.735	196.694	7046	9612	673	3411
174.004	221.051	197.502	122	8904	441	4437
176.801	219.409	195.528	774	2627	1096	2466
178.566	216.08	195.879	1731	6855	929	14985
181.545	217.985	197.224	4350	11502	12960	14850
179.544	219.228	200.191	5421	7611712	961	20010
177.077	222.028	201.047	962	7679	2227	3748
178.036	225.292	199.261	1174	3606	119	13446
176.708	228.448	200.839	980	6753	8105	11472
176.894	231.953	199.395	2155	12240	951	22638
177.465	230.987	195.77	8470	33748	3796	223880
174.616	231.451	193.312	4604	3659505	3653	8542
173.77	228.399	191.254	3645616	3659835	239	5972
173.959	229.303	187.579	4452	3659110	1350	1665
172.609	227.123	184.694	9042	66484	76	30574
175.228	228.479	182.213	52990	64417	29148	40727
178.491	226.589	182.004	2385	57324	11503	40913
181.832	228.351	181.773	1949	9249	262	12080
185.498	227.486	181.802	4915	7286	315	4809
186.621	226.25	185.254	422	6795	4232	21275
188.094	228.984	187.512	1458	1956	16728	22879
188.134	228.03	191.216	76	30427	1919	20289
187.412	224.283	191.317	28893	42999	1642	17002
185.11	222.868	193.939	10351	39662	2079	37402
184.806	219.269	192.863	418	12243	33681	37345
182.409	216.808	191.265	1474	3240	1585	3857712
182.147	218.872	188.087	1348	5557	3822446	3844590
181.412	222.112	189.94	2735	8250	20559	3856701
183.619	225.243	189.716	3679	37641	11362	965070
183.026	228.785	191.089	2334	14285	931507	948088
183.91	232.265	189.906	3109	6986	4489	956194
183.221	235.952	190.536	1543	59688	20198	239752
180.958	237.402	187.816	37332	45079	439	33615
177.742	239.415	187.077	5050	43536	6683	13417
176.52	243.592	190.39	4232	5386	1062	7357
179.238	240.87	190.775	1154	67803	6295	15113
178.907	237.857	193.033	20035	38893	634	221555
180.25	234.373	193.464	17704	48567	214626	240108
178.55	231.84	191.25	815	36756	854	223659
178.734	228.086	190.96	5163	3655165	730	934555
178.205	226.045	187.84	1237	6888	1225	4289
178.976	222.819	186.084	488	5249	2334	27082
182.146	223.46	184.153	789	4548	2964	3559895
182.261	223.403	180.374	3271	17165	3554597	3558210
184.617	220.94	178.755	13105	16615	649	3556092
184.902	223.077	175.638	239	119873	846	2232
182.726	224.148	172.722	106529	109145	737	3588
180.743	221.488	170.912	2377	112248	2005	3604
181.863	221.054	167.307	3342	189435	862	40199
180.706	218.284	165	183716	189359	37332	39152
182.935	217.282	162.105	2301	191485	958	43619
181.323	217.315	158.668	5468	32155	5329	8766
182.319	213.754	157.937	24386	30434	2479	1996085
181.283	211.983	154.771	580	27111	1988277	1991762
182.828	209.154	152.701	2145	5026	1006	1991456
183.912	211.516	149.843	2301	5666	2173	11609
184.805	214.86	151.431	1220	6993	8430	11764
188.177	216.103	152.554	1300	4030	573	11568
189.135	219.419	154.083	1510	16738	2565	4230
192.491	220.68	152.912	813	22607	833	3980
194.057	223.833	154.326	20284	847630	582	7921
194.626	226.602	151.818	825681	851817	5591	8402
196.602	228.947	154.135	740	827158	253	15542
198.724	228.658	157.304	737	18630	9698	23434
199.991	230.616	160.231	7753	9695	1086	30819
203.265	230.393	162.065	1205	11828	20035	3563730
202.713	230.56	165.775	791	3621	3538864	4688835
205.121	230.683	168.651	1625	30323	1129936	4674921
204.256	229.236	172.016	21483	25877	907	1131732
206.107	229.322	175.285	2769	28727	889	7802
206.78	226.256	177.377	263	3914	373	1733
208.254	226.753	180.798	882	14747	471	3000
210.026	224.025	182.755	1062	2920	1679	2403
211.821	223.986	186.15	976	4829	253	4763
215.373	222.721	185.98	1054	5918	1789	3699
216.79	223.343	189.42	1502	6839	471	6717
215.94	224.226	192.985	1824	54045	847	2868
217.783	226.225	195.6	50719	53125	1550	4940
220.81	224.357	196.893	582	56360	2543	7917
220.103	224.61	200.562	1787	23359	332	8472
222.36	223.163	203.203	18089	21336	129	1706
221.565	222.645	206.835	1460	24288	1245	2756
224.003	222.15	209.659	696	7177	642	6310
222.059	219.55	211.678	637	4195	217	1839
224.17	220.116	214.845	2862	7203	980	3573215
223.886	223.879	214.839	3704	8399	3572018	4399645
220.18	223.699	214.067	933	5108	240	3575420
219.378	221.371	216.962	471	1681	3162	4660
222.064	222.412	219.532	277	1648	1258	830827
223.166	225.933	218.505	900	8490	826407	4401073
226.312	226.84	220.447	3609	5017	1390	828113
225.632	224.34	223.233	508	10659	316	1828
228.132	221.756	224.421	6542	8365	122	1056
225.683	220.137	226.807	1315	8579	618	2240
223.071	219.637	224.044	722	2855	1500	3416
225.708	218.475	221.479	818	4942	1298	18095
226.93	215.726	223.766	2438	5785	852	2809
223.341	214.485	224.112	2529	5931	659	15956
222.872	214.719	220.356	964	5810	14445	17708
225.822	212.36	219.851	1499	2657	1306	24877
223.808	209.599	221.518	194	2073	9126	15444
221.712	209.463	218.358	380	2193	5012	18129
224.69	208.301	216.324	1619	2873	3991	9427
224.549	209.057	212.61	874	2896	424	5942
221.025	210.452	212.687	403	2777	1527	5306
222.493	213.979	212.363	1500	3062	3355	7023
225.247	213.389	209.707	1159	3540009	2141	8836
223.122	211.235	207.419	4197	11900	2225	34567
220.846	214.258	206.968	2047	3539822	29728	36177
223.795	216.4	206.072	3533153	3540856	1115	33457
224.595	213.713	203.5	4497	3542272	473	6922
221.09	213.612	202.045	425	7605	3109	34527
220.98	217.373	201.561	636	2965	1217	5188
224.41	217.37	199.991	1904	21291	862	6079
223.229	214.756	197.519	15479	17956	508	3329
220.392	217.049	196.503	573	19324	1959	5959
222.64	220.062	196.179	3272	13842	3492	10738
224.963	218.146	193.893	7511	10988	1882	7236
222.307	216.851	191.536	205	8451	1862	4749
221.037	220.416	191.142	378	2099	842	3873
224.2	221.219	189.227	1516	2251	1169	2174
223.859	217.999	187.308	357	4073	163	5459
220.336	219.018	186.291	1995	16712	2265	3086
221.513	222.368	185.029	14360	19186	658	7212
224.446	220.88	183.181	2831	25553	4289	911365
222.376	218.2	181.442	8362	12131	906418	911714
219.812	220.704	180.202	938	12288	1007	910590
222.065	223.496	178.997	1199	3848	1634	7723
225.522	222.09	178.319	1711	3397	5082	9017
224.527	220.075	175.269	487	4346	2301	7686
226.767	221.94	172.91	2148	3402	303	3666
230.494	221.228	172.682	767	5667	1062	1778
231.326	224.734	171.458	2752	5912	413	3933
230.14	228.235	171.99	2393	23108	2458	47283
228.653	229.4	168.738	16330	20883	42141	67554
227.904	232.983	167.916	527	23531	20684	66798
225.925	234.699	165.195	6674	8226	3973	29035
227.6	236.934	162.571	1025	10511	4378	13514
227.602	240.766	162.873	2812	5026	5163	16454
225.293	240.841	159.855	1189	6020	6913	14486
221.829	239.508	160.615	2019	3575226	2410	35701
220.943	238.302	157.121	3572018	3574494	26378	47629
218.482	235.604	158.151	457	3576975	18841	46408
216.033	235.813	155.275	4500	5321	1189	21411
213.762	238.389	156.878	364	5277	1381	3169
213.5	236.499	160.154	413	23506	599	5764
214.142	238.871	163.088	1065	1573	1355	9246
215.83	237.144	166.074	95	1666	7292	9059
217.012	240.29	167.821	506	1162	412	10408
214.699	239.695	170.756	561	2181	2704	6827
216.024	236.212	171.508	1114	2607	3711	6902
219.711	236.849	170.766	932	4273	487	4837
222.014	238.376	173.475	2227	10212	639	4731
222.047	242.143	174.028	3817	23418	895	2843
225.727	243.427	173.997	17374	22592	1309	3017
224.803	246.576	175.943	1401	19409	813	2905
223.902	244.718	179.127	634	16781	783	2571
226.247	243.855	182.098	14746	20582	975	3678
225.194	240.266	181.424	5202	21231	1920	3313
224.658	239.36	177.811	1283	7981	418	4434
221.08	238.166	177.976	1496	6746	2096	3767
218.393	238.642	175.356	1740	5945	614	4123
215.474	241.017	175.688	482	4441	774	4476
213.126	238.138	176.397	2219	3429	3088	4497
215.423	236.568	178.953	728	5000	635	4499
215.504	239.831	180.885	2053	24625	776	1729
211.717	239.722	180.999	21844	26945	318	4266
211.809	236.242	182.475	3048	26109	3172	10694
214.328	237.211	185.148	1217	14354	7204	11379
212.266	240.217	186.132	10089	12140	1003	8694
209.14	238.121	186.786	834	15212	487	1973
210.372	235.251	188.951	4289	6533	483	1615
211.427	236.362	192.486	1410	5699	645	1128
219.253	232.525	208.642	7101	8516	2651869	2652425
221.626	232.087	211.655	1415	988250	556	2654249
220.171	228.712	212.566	979734	985533	1824	6586
222.649	226.637	210.591	4384	988857	4206	7412
220.662	227.225	207.412	4043	39615	740	6818
222.666	228.408	204.438	29728	36672	627	6835
222.343	228.522	200.673	2901	35479	5468	8240
225.038	227.376	198.304	1063	4397	1813	10352
225.545	229.056	194.912	433	1881	3071	8031
225.007	227.087	191.691	385	1725	3147	8390
228.067	226.063	189.752	907	9366	2172	6779
226.795	227.707	186.595	8074	9828	1460	5106
226.061	231.375	187.091	847	12270	1474	5922
223.298	233.157	185.218	3349	4707	2988	4950
225.914	234.547	182.87	511	4083	488	7860
227.157	231.056	182.036	223	3407	4384	17894
223.665	229.828	181.397	2046	7027	12540	17145
223.113	232.773	179.087	4758	7431	221	13243
226.251	231.825	177.183	627	9984	482	7701
224.962	228.299	176.721	3745	5938	785	2725
221.553	229.37	175.502	1566	5942	1458	4072
223.293	231.816	173.209	631	4457	1829	6040
225.429	229.036	171.752	1633	26823	2271	50196
222.447	226.765	171.279	5836	11196	1497	4204
220.502	229.551	169.665	3727	31049	436	9337
223.324	230.674	167.397	20559	24935	6842	7716
223.803	227.07	166.364	649	22135	438	7842
220.097	226.598	165.676	927	163174	562	5505
219.939	229.723	163.561	157317	167589	1300	29175
223.115	229.394	161.495	9345	169427	27313	37958
223.56	225.604	161.16	2765	13959	9345	41774
220.161	224.043	161.831	554	4913	2769	5467395
220.492	220.603	163.355	667	3384	5454719	5458705
223.91	219.791	162.035	2163	7978	1217	5457481
225.649	221.185	165.099	5148	13591	1545	22759
223.771	218.657	167.208	251	7624	194	169940
224.972	215.666	165.192	2225	3538	168201	185039
228.514	216.86	164.442	1062	7715	16644	186015
230.025	220.037	163.045	4428	12239	1170	37992
228.04	223.211	162.722	1601	12135	18633	22973
227.462	223.419	159.006	958	5661	1625	30325
226.373	226.789	157.784	337	4484	722	12329
223.173	226.99	155.81	424	3849	637	1907
221.129	230.025	154.611	3088	3714	548	1365
218.3	230.474	157.038	202	7564	180	4343
215.627	230.361	154.359	4095	4553	2978	3894
216.958	227.006	153.193	256	6283	736	4930
217.023	225.748	156.723	179	766	637	12794
213.353	226.59	156.946	129	2481	11241	12859
212.744	224.74	153.698	1753	3265	579	15832
213.956	221.588	155.343	488	2661	374	1355
211.85	222.306	158.392	420	1851	402	21782
208.829	222.537	156.078	814	1841	9765	12044
209.6	219.317	154.22	607	1794	1877	991376
209.832	217.698	157.647	373	2832	979734	981831
206.168	218.482	158.306	1852	3251	220	981269
204.91	217.306	154.941	1026	3475	1315	3168
204.814	220.694	153.215	597	2656	1633	4707
206.745	221.034	149.98	1033	2269	1759	6294
209.64	223.509	150.157	639	4208	2902	6029
208.299	225.688	147.385	783	2135	789	5836
205.613	226.793	149.81	713	2135	2145	11143
208.204	228.421	151.988	639	1970	8209	12573
209.964	230.244	149.242	618	2271	2219	25458
206.819	231.465	147.571	895	3597	11532	18090
205.512	232.653	150.933	2084	3098	4339	19369
208.847	233.579	152.508	119	7131	3498	38949
207.829	237.166	153.182	4310	7386	28893	59602
204.594	236.061	154.805	2957	8287	27211	64178
206.318	233.483	156.939	1020	25641	8074	37714
209.007	235.856	158.106	21664	30849	2429	12066
206.368	238.464	158.957	7752	29726	964	2621848
204.246	235.985	160.882	310	8206	2618455	2622092
207.294	234.815	162.784	144	890	2673	2634514
208.373	238.333	163.647	436	27893	13386	17179
204.872	239.2	164.819	27313	29043	1120	15794
204.616	236.045	166.905	1294	29571	1288	7351
207.773	236.935	168.792	964	9171	4943	10659
206.443	240.406	169.552	6913	8350	4428	12630
203.358	238.723	171.003	473	10457	3259	8559
205.558	236.617	173.29	3071	4229	872	4226
207.044	239.752	174.756	685	30134	95	1295
203.661	241.334	175.356	26378	29022	328	1060
202.433	238.234	177.142	1959	36546	637	1216
205.498	237.778	179.329	8209	27106	251	1574
205.655	241.474	180.188	16938	45831	686	1407
202.048	241.606	181.417	20684	40717	470	3240
201.054	238.152	182.666	3095	28993	2084	20258
202.781	237.399	185.967	5214	11962	17704	32041
201.221	233.933	186.046	3653	12192	12253	41656
203.153	233.085	182.887	264	5355	10853	47492
206.103	231.992	185.019	1438	4763	24386	36085
204.033	230.266	187.701	3061	9123	846	39756
205.88	226.982	187.194	530	4594	775	18559
209.157	228.562	188.307	1003	1974	16938	19209
207.684	230.878	190.907	441	2259625	1496	27642
205.994	227.898	192.536	2255120	2259799	8362	13025
209.299	226.105	192.987	2892	2262833	1019	10147
210.729	229.121	194.717	4821	9059	766	3933
207.668	229.39	196.924	1346	5829652	2148	26022
207.691	225.734	197.946	3568365	3570193	14746	19020
211.315	225.894	198.983	482	3569271	2126	20143
210.832	229.154	200.84	424	17525	3271	3558319
207.883	227.651	202.666	16619	17979	3552922	3556548
209.883	224.567	203.589	936	18032	355	3554543
212.647	226.655	205.132	477	12430	1266	3560509
210.289	228.991	206.92	10340	15306	3558080	3560005
208.523	226.013	208.424	4489	15506	659	3559547
211.815	224.521	209.543	677	6191	808	3961
212.894	227.737	211.249	548	2048	1228	2566
209.567	228.286	212.962	823	1532	530	2988
209.819	224.815	214.516	161	1902	1230	18090
212.676	226.09	216.658	918	2048	16330	18209
210.102	228.081	218.636	969	3906	649	24732
208.238	224.931	219.659	2019	3571600	7753	9670
208.611	223.406	223.105	3568612	3571385	1268	10964
207.905	219.787	222.205	207	3569264	927	9332
207.019	219.207	225.867	445	1026	7137	8266
210.015	221.111	227.218	374	3569797	202	15232
209.717	223.994	229.681	366	1211	6625	7337
211.122	226.284	226.986	471	1010	510	7949
211.945	226.297	223.302	173	3569654	814	3757
215.062	228.277	224.12	398	1613	1165	2931
217.976	226.007	224.831	1042	3445	952	8481
219.931	228.62	226.742	2005	8860	6364	8340
216.978	229.208	229.073	5813	9566	1024	8755
216.914	225.558	230	1748	913979	1367	4702
220.642	225.472	230.649	906418	1727008	2311	4390
220.704	228.716	232.625	818842	1726070	712	5018
217.962	227.464	234.929	810	820473	1995	6105
218.409	223.74	235.47	821	2913	3398	8145
221.261	221.611	236.778	1282	2505	2752	11200
222.412	218.874	234.291	402	3342	5050	2664357
220.366	215.971	235.875	972	2016	2655270	2665078
217.201	217.909	235.006	642	2300	4758	2661313
218.414	220.037	232.106	686	2348	1285	302907
219.235	216.926	230.119	618	4839	291814	316390
215.644	215.752	230.295	2996	4261	5202	297217
214.308	219.026	228.976	647	4182	201	23492
216.969	219.095	226.295	539	2427	18089	317755
216.216	215.567	225.126	623	2992	7651	32670
212.649	216.706	224.53	975	2392	5816	14047
213.914	219.507	222.29	794	2624	580	7510
216.409	217.276	220.516	855	2931	1114	9588
213.788	214.736	219.63	659	2100	243	1671
211.477	217.428	218.276	586	1425	314	13924
214.17	219.288	216.356	180	2420	13367	19651
215.762	216.14	214.98	658	1349	902	14463
212.333	214.974	213.873	511	2165	194	6164
211.781	218.383	212.281	996	3606	5068	844310
214.923	218.075	210.192	1919	9195	825681	5279958
214.04	214.568	209.126	951	5425	4445927	5272001
210.675	215.81	207.947	2555	8835	393	4449602
212.327	218.664	206.051	5329	11526	3282	829917
214.934	216.492	204.397	1723	11587	561	5307
212.407	213.89	203.342	3610	5855	1081	2696
210.286	216.572	201.714	522	5057	1054	2518
213.342	217.989	199.954	925	5432	383	5257
214.279	214.569	198.587	680	2829	433	4406
210.811	214.006	197.23	531	2793	3313	6572
210.624	217.512	195.804	1582	3731	2826	6799
214.095	217.104	194.331	693	4497	277	4465
212.892	214.01	192.501	1542	3639	929	21213
210.108	216.056	190.938	228	6792	1234	3749
212.583	218.697	189.824	5022	7341	1586	25193
214.92	216.047	188.488	1176	80419	18773	21612
212.137	214.578	186.39	72030	74121	180	22553
211.39	218.055	185.037	915	79320	3600	8782
215.068	218.642	184.336	649	5784	144	32198
215.23	215.34	182.494	1169	2522	1012	4428
212.271	216.393	180.407	704	84782	3272	15028
213.847	219.743	179.7	821	3963	6880	11827
217.072	218.054	178.653	1789	84721	1531	9682
215.136	215.712	176.398	81173	83813	264	30112
213.393	218.631	174.76	147	81887	25045	45325
216.583	220.537	174.304	186	1031	3609	29670
218.017	217.635	172.327	698	1064	1016	6672
214.84	216.621	170.503	180	1226	2047	42468
213.371	220.112	170.032	201	1163	14360	42994
216.192	222.727	169.821	635	4463	1542	29372
218.999	220.612	168.366	796	1843	355	108426
216.66	218.72	166.028	412	1467	106529	108178
213.077	218.77	164.757	259	2843	1294	111794
210.325	216.892	166.532	2172	3293	3971	43602
207.987	214.46	164.839	862	3483	38337	52397
206.5	213.788	168.254	449	2599	10089	48636
203.039	215.299	168.552	1288	2753	210	10522
202.562	218.104	171.051	1016	8468	223	22349
206.019	217.386	172.391	510	1996	815	3523
207.2	220.847	171.22	470	2095	2485	23843
203.889	222.801	171.307	1115	7140	20543	23809
200.616	222.315	169.473	4539	10641	558	36701
200.92	222.277	165.693	3971	10055	15377	16489
203.537	220.859	163.396	1545	9145	554	21282
206.905	221.522	164.943	1550	7195	1606	5178
209.428	223.458	162.915	1829	4629	580	4599
212.079	224.745	165.317	1250	5910	2413	16108
212.606	225.867	168.894	2831	7404	13115	19473
214.702	228.399	170.739	2227	6385	666	14865
215.806	228.095	174.402	1327	13545	1084	3522
215.812	231.052	176.774	659	2908	489	2511
217.13	230.947	180.321	922	4792	938	4815
215.043	231.734	183.381	1976	4540	2354	11044
215.641	231.662	187.162	1642	6077	7752	13716
216.056	228.012	188.08	2459	7340	3610	12875
214.641	226.881	184.759	1737	7461	1042	7728
214.432	226.973	181	1235	16434	1034	3491
211.909	228.505	178.682	12540	23989	477	3265
211.336	227.196	175.204	9332	27411	1283	8477
209.896	229.191	172.378	4212	16774	5633	9542
208.373	226.641	170.065	461	13928	1737	25699
207.821	227.674	166.489	6424	10781	5214	1139325
205.086	225.645	164.878	2271	12324	2438	13003
203.185	225.443	161.618	2079	10491	3745	31143
199.453	225.591	162.046	3391	7242	4371	18467
196.919	225.202	159.171	1772	13528	10351	26466
194.859	228.401	159.106	7628	19095	2046	24464
192.154	228.311	156.465	8958	17438	2369	5330
190.449	225.373	154.785	852	43461	915	4473
188.137	224.401	151.971	13367	27334	607	1781
185.747	221.451	151.428	13115	30208	259	8547
186.892	219.315	148.438	2216	17503	5116	5963
185.372	216.193	147	2172	9116	588	833940
187.799	213.313	147.082	2863	30611	818842	826497
188.552	209.818	145.86	24650	30477	6542	826315
191.061	207.106	146.892	2964	28920	931	9658
192.028	206.454	143.29	1306	18638	2185	7815
191.405	207.432	139.691	11503	13098	1045	3591
190.605	205.21	136.669	289	21209	361	70707
192.268	205.958	133.313	3259	15080	67045	74232
192.369	203.013	130.883	11532	17930	6826	74736
190.942	200.579	133.417	3139	15929	865	44781
194.118	201	135.432	1258	10955	37090	39540
193.884	202.313	138.984	5263	9083	1438	39661
196.065	205.354	139.644	978	53605	625	8922
196.982	206.386	143.192	506	4067	2359	5489
198.869	209.571	144.253	1277	8760	320	5039
202.547	209.133	144.982	4666	7228	1033	2172
202.135	211.983	147.425	1285	6244	819	2545
199.064	213.981	148.277	293	8673	693	11399
195.421	213.297	147.578	4305	4930	380	1806
192.994	213.562	144.737	332	42404	733	2521
190.612	216.457	145.057	926	4766	525	821064
187.777	217.897	143.075	645	5163	964	7120
186.536	221.492	142.929	858	3644	3544	5486
183.225	220.163	141.442	2141	4349	978	11568
184.317	220.072	137.806	1350	24740	7046	13445
187.981	219.048	137.68	21249	23161	5421	13966
190.188	216.571	139.495	562	23119	1499	3576249
193.578	217.602	140.794	663	38066	3568365	3570747
196.248	216.059	142.919	36841	38099	883	3571627
197.621	218.045	145.81	263	38913	1646	6307
199.819	217.802	148.875	210	3083	2428	10200
197.925	216.891	152.023	2317	3418	5433	9900
198.885	219.831	154.211	598	3298	1346	8083
198.499	222.704	151.779	383	6093	1304	4626
196.136	223.273	148.91	5112	834489	1976	41638
198.134	223.475	145.741	3313	9731	32767	35400
196.238	221.728	142.941	1306	7860	657	36090
198.147	220.087	140.134	2978	26352	1020	2501
197.074	218.357	136.968	22068	26453	824	2324
196.947	214.64	137.49	1407	42316	480	82477
199.701	213.065	135.454	18841	33259	81173	83896
201.665	209.854	135.289	9983	851394	882	92105
204.46	211.646	137.151	822570	839236	10050	11981
202.153	212.393	140.096	6683	831564	1049	12426
200.484	209.007	140.39	2311	11362	1327	2924
201.381	205.336	140.236	1091	50260	228	6055
199.474	202.338	138.968	46858	49663	4500	6345
198.493	199.274	140.891	736	60717	992	5778
195.699	196.875	140.078	13123	15154	286	1425
192.563	197.969	138.277	1295	21259	147	40738
189.157	199.697	138.601	320	4970	1777	2605
187.233	196.594	139.845	3355	4699	681	4805
189	196.491	143.194	1024	5637	2347	3512
189.069	199.945	144.815	1258	3679	484	3256
185.992	201.13	146.656	1397	3637	425	1888
185.08	204.669	145.695	982	4738	979	2699
187.367	204.829	142.671	2359	10482	1295	4722
186.314	207.518	140.209	5835	9089	263	2376
186.728	208.104	136.449	895	8053	818	3743
189.053	210.86	135.15	1034	2814	2301	3823
191.956	211.168	132.794	885	2519	704	3863
195.62	210.972	133.58	600	22754	858	83238
197.884	213.126	131.49	2428	28494	503	84632
201.002	211.585	129.99	6625	10676	2098	2999
203.71	214.294	129.434	1623	10921	398	2749
205.378	212.067	126.853	2673	4746	253	47509
202.439	211.937	124.48	450	12821	46858	48859
202.685	215.526	123.036	9698	3568143	1748	51525
206.443	215.186	122.616	3398	14266	767	394477
205.971	212.152	120.414	1170	3559165	391962	394881
202.726	213.473	118.918	3554597	3590065	2152	407318
204.416	216.678	117.584	24600	3579197	11456	13608
