x	y	z	num	sum1	ran_num	sum2
172.298	252.181	223.613	14445	66325	1006	2108
174.968	250.129	221.763	9514	117892	1102	4251
177.648	250.85	219.22	21168	137728	194	30444
180.011	249.121	216.808	2272	143715	29148	29461
183.453	248.37	218.262	722	119872	119	29948
184.863	248.078	214.751	13617	101152	681	3254
188.538	247.181	215.047	7204	538982	1777	11096
189.196	248.675	218.486	889	528381	8638	23782
190.407	246.657	221.485	785	510049	13367	49847
193.792	245.4	220.288	12586	674149	27211	41300
196.747	245.65	222.636	1484	649148	722	35427
200.327	244.427	222.675	2902	437852	5836	8563
200.053	240.856	224.12	867	237007	2005	8833
203.529	240.903	225.672	6295	29891	992	9421
206.681	242.96	226.183	657	22168	6424	61954
208.672	241.612	223.246	489	23193	54538	3613884
209.777	243.828	220.413	8220	30850	3552922	3615565
208.8	242.534	217.009	666	41404	8105	3576506
208.929	244.197	213.627	2297	40747	15479	24989
208.029	243.526	210	1088	32038	487	22728
206.147	240.384	210.983	1075	42543	618	2304
202.699	238.851	211.189	475	61343	1199	6078
202.358	237.23	214.603	11292	47363	3817	10128
199.597	234.849	215.665	1116	98825	5112	9709
198.577	235.02	219.312	6905	249116	600	27376
195.701	233.95	221.541	9126	241982	21664	2688578
194.647	236.304	224.304	168201	243080	14445	42989
191.661	238.173	225.661	12879	260946	6880	25994
190.867	240.716	222.947	10341	269331	1250	10639
187.742	242.64	222.084	1006	299056	631	26104
186.138	240.677	219.17	832	153927	8978	10405
185.966	242.693	215.988	8422	151836	796	10451
182.707	244.416	215.144	1399	87421	677	2785
181.175	243.288	218.436	15749	90289	631	1665
178.566	245.29	220.411	808	108999	357	8192
179.796	247.556	223.249	3673	111314	7204	15782
177.362	249.212	225.594	981	83009	1547	10255
177.166	252.966	225.12	8105	124091	402	5714
176.689	255.142	228.227	2831	4087132	1959	2860
176.039	258.907	228.349	3796	4071446	499	5728
176.984	261.833	230.593	931507	4064157	1174	3066
174.592	264.613	229.582	3048516	4044784	1393	3300
171.561	266.463	231.139	10050	3993869	733	2126
175.109	257.267	233.934	42141	4281596	4915	5770
177.538	255.332	236.194	1234	1351124	855	28409
175.855	251.912	236.799	3002	409376	22639	24000
177.633	248.839	238.026	214626	418210	506	42218
178.617	246.596	235.13	9765	273378	16644	18861
179.781	242.948	235.098	3260	262873	1711	23090
183.515	242.473	234.632	1172	266389	3895	15488
183.189	238.965	233.183	1637	33261	5433	20860
186.58	237.756	231.944	2806	44128	11532	21723
187.991	241.193	231.249	499	55001	4758	18451
186.817	244.58	230.124	2905	66957	560	7911
187.459	246.881	227.261	4417	67615	2173	59112
186.782	250.444	228.229	565	112390	32767	36875
186.775	253.567	226.161	1882	2118527	1084	37722
185.743	257.111	226.621	5068	2172908	2456	6149
185.423	260.36	224.789	1981671	5815468	1025	7197
186.298	263.648	226.444	4943	4919757	3313	5486
186.228	267.388	226.01	11241	4810472	1148	6343
186.501	268.38	229.673	33681	2069596	1882	5499
187.991	265.381	231.541	11456	2077422	2469	5426
184.703	264.289	233.166	2000	4132696	1075	13979
185.62	260.65	233.602	3162	3109253	932	394699
188.209	260.485	236.302	3600	68649	730	6109
188.174	257.003	237.716	681	63511	4447	38837
187.178	253.382	238.178	154	61424	4530	12071
186.089	251.005	240.954	1586	289383	740	22468
186.674	247.236	240.746	3895	319108	579	5059
185.467	244.498	243.113	3982	87005	938	3575141
182.488	242.274	243.936	2005	68660	1165	2620558
180.287	244.354	246.246	2339	309025	2618455	2620624
182.019	247.788	246.187	2413	326866	1004	2619918
180.675	248.626	249.686	6826	93127	459	3797
183.584	248.391	252.202	51565	82881	2334	12817
182.908	244.674	252.711	2543	86979	1829	4466
185.682	243.591	250.339	2265	120610	303	2530
188.832	245.038	248.839	673	147800	398	3577687
188.145	247.246	245.857	8507	154373	3572018	3574001
190.582	248.773	243.416	3711	74993	647	3593010
190.174	252.508	243.061	2458	70746	16619	34336
191.784	254.589	240.358	580	67135	16330	54836
191.345	258.381	240.365	1467	54735	20684	42075
192.922	261.092	238.234	2098	40086	614	22753
192.399	264.56	239.821	2995	1146759	1006	3989
194.108	267.47	237.911	1471	26403	2369	3914
197.672	266.217	237.481	1274	13154	539	4318
197.788	263.442	240.098	776	19209	1410	2398
196.95	259.825	239.378	1266	26555	449	3131
195.978	257.975	242.54	1298	25999	658	49168
195.681	254.209	242.921	1441	37052	1203	18571
194.425	252.481	246.065	1045	60784	380	8701
193.088	248.998	246.931	9076	75482	3147	4649
191.438	249.673	250.329	303	89282	475	9512
188.102	248.326	251.65	2094	102657	4968	9009
186.589	251.647	250.7	625	100007	834	10529
183.25	252.873	251.796	1142	86900	2393	6955
181.704	254.04	248.606	853	193170	1394	4878
178.633	256.207	248.364	765	129418	1091	21085
175.233	254.819	247.417	4530	128793	18089	19829
175.922	256.541	244.102	106303	339524	649	19249
179.692	257.337	243.839	2469	5610950	511	2886
180.763	260.504	242.085	3492	6725535	635	1883
183.3	263.272	242.325	3723	6612328	737	18352
182.206	266.883	242.51	5454719	6597179	7477	8992
183.955	269.743	240.652	1107114	6599705	251	7728
192.806	247.128	255.56	733	69966	4371	5293
194.717	248.685	252.583	824	26700	922	6144
197.34	246.556	250.717	1019	36247	376	3274
198.487	249.135	248.143	789	41491	1976	6323
198.775	252.855	247.462	1012	24897	3971	6888
200.363	254.896	244.673	2485	24115	561	51390
200.345	258.583	243.792	3147	18011	46858	49518
201.828	260.289	240.682	1976	15761	1441	48299
184.848	265.371	221.627	10500	6602395	1237	4500
188.623	266.11	221.414	1245	5709552	1024	3960
190.225	263.22	223.301	1775	3136980	1033	3263
189.743	259.453	223.056	7256	3109748	403	4847
191.097	257.404	225.923	76848	2174033	2386	25453
191.011	253.649	225.459	675	2517448	1415	4980
191.779	251.133	228.182	286	130045	95	19355
191.959	247.409	228.723	3953	64244	16938	19954
191.433	245.933	232.157	163	33454	277	18816
191.988	242.223	232.748	240	60947	1601	9263
192.667	239.901	235.691	631	69922	2627	5941
194.996	236.951	235.34	1662	18985	1300	6238
195.903	234.928	238.428	2456	51336	2311	160928
195.421	237.934	240.725	1203	54953	157317	215463
197.233	240.417	238.473	6364	49772	50719	209483
195.281	243.45	237.303	533	55677	413	56621
196.732	244.388	233.945	556	28441	2862	9260
196.131	247.83	232.476	1477	27062	5263	8596
196.702	248.827	228.862	455	435019	471	24411
195.806	252.172	227.399	524	494930	907	2669240
196.084	254.635	224.56	1096	524337	2667767	2689923
195.332	258.329	224.313	1148	209931	21249	2692382
194.663	259.897	220.931	5202	202514	980	23032
193.204	263.205	219.626	6665	3074859	803	3482
189.809	262.973	217.948	73393	5766634	666	6945
187.273	265.191	216.183	890944	4524546	4452	8179
183.945	263.44	216.749	13269	6551578	3061	9752
181.1	263.837	219.231	2667767	6553066	2239	7095
178.479	261.275	218.261	846616	6458700	558	14300
180.262	257.941	218.683	32767	5620419	11503	12732
183.547	255.988	218.788	7651	5713796	671	20596
185.796	256.922	215.824	5116	6553789	8422	13299
186.456	254.128	213.357	3658	107288	4206	39006
190.071	253.116	212.849	5132	73643	26378	31373
192.878	251.078	214.351	1049	476365	789	32635
195.259	251.848	217.184	27211	475139	5468	6933
197.06	249.376	219.425	391962	464726	676	7848
197.25	249.837	223.191	902	455310	982	2987
200.503	249.482	225.129	1393	465474	607	2421
200.618	248.116	228.728	679	31143	832	2585
201.306	250.605	231.48	1381	14699	675	169708
200.501	249.035	234.829	2855	22170	168201	169598
200.354	245.589	236.43	3381	37768	722	174554
198.989	245.499	239.985	1289	60431	2769	4525
199.407	242.269	242.078	1120	49863	1034	55822
196.232	242.984	244.007	16644	79164	1300	7450
194.91	239.433	244.366	915	55849	5116	171288
191.344	240.74	244.29	8446	87538	7555	13126
188.413	238.695	242.927	11362	69418	455	8451
186.731	241.18	240.525	1532	69201	441	5443
183.295	240.417	239.138	929	59185	3609	8785
181.833	243.919	238.868	3973	274941	840	12210
183.053	247.431	238.246	952	297586	2155	6003
181.818	251.016	238.227	1006	384718	2429	7444
183.058	254.314	236.811	20543	324270	2354	17759
183.555	257.719	238.456	1244	214046	8446	407209
182.317	260.956	236.883	4339	7618445	391962	410843
183.133	264.609	237.704	4378	7588580	9503	403804
179.93	266.58	238.188	2386	7532623	527	18328
179.473	270.394	238.087	14559	6593218	821	1348
181.455	262.462	228.245	3544	8776814	8140	10236
180.119	259.139	226.915	2399	9609744	2096	12319
181.898	255.885	227.566	1874	3149618	1584	6840
181.79	252.372	226.266	1004	2109869	704	3541
182.062	248.977	227.869	3498	85282	851	40996
182.963	245.862	225.936	355	96894	6674	17322
184.09	242.428	226.962	1429	75484	420	9532
187.132	240.436	226.051	712	229526	1878	4489
187.184	236.896	224.675	819	231272	310	12177
190	234.307	224.145	10853	231781	3109	14296
190.157	234.931	220.416	3522	249371	3997	2658975
193.109	234.296	218.182	3350	287265	2651869	2679176
194.435	237.335	216.397	429	313730	1646	2658045
196.926	237.797	213.625	12960	124727	180	23324
198.806	240.977	214.475	846	520463	637	14878
200.661	242.997	211.867	840	97490	444	12780
203.812	244.74	213.076	484	58712	10500	16355
205.299	247.393	210.8	965	24822	4482	17131
208.963	248.331	210.383	2410	20271	1662	7069
208.948	250.349	213.694	1531	26576	438	3018
207.385	247.437	215.686	800	30816	918	18093
204.007	249.135	215.796	6509	454960	1258	3105
200.915	247.04	215.406	1606	475628	929	13500
199.158	248.681	212.489	1836	436920	813	2711
196.507	246.103	211.717	1394	519343	969	15399
194.95	242.865	212.943	1418	539699	13617	30972
192.735	239.936	211.945	33245	120999	15749	33896
190.11	238.456	214.235	8430	137531	4350	28287
190.35	234.782	213.222	614	158427	6542	12216
186.68	234.013	214.217	1700	120093	457	44089
185.065	237.1	212.672	1230	122507	37090	39181
184.083	235.444	209.387	25045	80067	1634	40770
185.32	232.809	206.816	1165	76650	2046	5775
187.546	235.325	205.069	18773	156779	1228	3453
189.319	236.197	208.294	1527	170889	179	2424
189.708	232.491	209.027	854	129349	867	10428
191.407	232.158	205.636	10712	133998	794	1811
193.715	235.107	206.318	328	137090	150	2224
194.797	233.594	209.687	243	152178	1101	4900
195.315	230.1	208.11	13386	70303	2826	193407
197.604	231.508	205.438	1202	63128	189480	193129
199.288	233.904	207.876	1505	115411	823	198621
198.624	236.839	205.569	2118	119799	7217	8565
196.379	239.872	205.233	11621	114069	525	10573
196.077	239.182	201.528	5591	51515	2831	4757
194.37	236.119	200.093	6842	113440	1401	4610
195.078	234.954	196.58	3991	54702	378	6955
192.317	233.79	194.35	525	60600	1081	26904
191.385	230.16	194.991	527	87893	16853	21592
189.845	227.674	197.396	20198	98715	3658	23675
191.425	227.136	200.782	1547	71883	2145	6764
190.805	224.64	203.543	1225	117072	961	6155
190.709	226.664	206.715	436	77886	639	2906
188.869	224.783	209.402	1757	38236	1306	8306
186.666	221.914	210.454	1081	70636	6361	17229
182.955	221.938	211.064	450	90528	8430	15487
181.816	220.018	214.089	253	34084	696	9964
178.338	219.731	215.5	5816	40849	256	1824
178.37	220.28	219.231	5633	30353	872	9348
176.395	218.274	221.832	846	35827	8220	829879
173.488	219.996	223.533	7477	26832	1060	9481
173.259	218.067	226.798	1646	28887	201	847877
174.986	215.237	228.608	637	35862	846616	2829608
173.585	211.743	229.128	262	979276	1120	852593
174.642	209.808	232.2	2008	972139	4428	16278
173.745	206.158	232.58	676	52325	6842	14599
174.448	203.726	235.431	610	59106	625	400036
172.544	200.634	236.721	2826	58687	392569	395873
169.749	201.952	238.996	945	15807	332	394654
171.108	200.275	242.172	480	16419	1753	4386
170.813	201.84	245.64	771	22363	2301	6956
172.797	199.355	247.742	2480	27028	2902	7339
175.866	200.86	249.387	1220	29511	1606	5775
179.271	199.091	249.265	8978	3864404	842	3589
180.443	197.575	252.664	2103	3887023	611	2134
183.702	199.466	253.027	1304	4084720	681	1421
183.054	199.918	256.738	3822446	4042987	129	1300
183.217	196.134	257.117	2988	3893249	490	827026
186.758	196.213	255.732	885	5043611	826407	828242
188.25	199.385	257.184	929	5181444	1345	829254
186.56	199.262	260.676	9503	4983209	1502	36092
186.941	195.43	261.072	4371	4988123	33245	41372
187.461	194.085	264.574	10594	1163006	6625	49384
190.592	192.211	263.469	1129936	1167456	9514	907083
192.802	192.243	260.409	253	1208446	890944	902896
194.355	189.073	259.015	4315	5059858	2438	902462
198.072	188.337	258.993	701	5071543	8507	13170
200.054	189.127	255.863	318	3928607	2225	12772
200.992	185.464	255.318	883	5918231	713	6419
197.248	184.758	255.113	2239	3912766	2812	4852
195.716	187.971	253.862	280	75401	1327	7714
191.983	188.258	253.284	24485	74846	1350	9933
190.416	189.073	249.937	1390	78332	7256	13678
186.903	190.474	250.142	29148	87166	259	7778
184.755	190.856	247.059	4487	83633	263	11541
182.837	194.09	246.624	1309	80576	7292	10120
179.982	193.893	244.12	5299	90096	2565	11286
176.394	194.873	243.316	980	46267	1429	6051
176.623	198.224	245.147	1777	45745	530	6128
177.314	202.005	245.062	1064	37175	425	3228
180.868	202.845	245.985	606	52406	667	10322
181.349	206.268	247.48	378	219489	161	1773
185.088	206.833	247.535	834	4672821	945	1891
184.815	210.387	248.787	865	4659890	785	2902
184.43	209.05	252.284	6361	4651010	1172	15080
187.658	207.095	252.177	189480	12039898	13123	17343
189.571	209.849	250.394	1802	10875770	3048	16984
188.388	212.77	252.537	2185	8213386	813	5366
188.813	210.869	255.817	4445927	8208904	1505	4666
191.806	212.172	257.776	1268	14419852	2348	10899
192.299	208.862	259.589	3558080	14415826	7046	11566
194.54	207.427	256.873	1042	14418717	2172	12477
198.317	207.713	257.004	3558287	9796659	1407	16143
198.463	207.167	253.284	2655270	9803794	10712	12627
196.134	206.906	250.3	1060	10883316	508	12262
198.285	206.274	247.269	483	6263824	789	9050
196.767	205.433	243.873	194	2706044	7753	9634
198.777	203.681	241.132	589	55302	603	10230
195.829	202.951	238.864	503	45412	1874	12688
193.564	205.964	238.628	6240	43184	4289	6334
193.404	209.31	240.383	681	39811	171	9662
191.378	209.134	243.668	4813	234324	5202	5689
189.006	211.934	242.7	4482	25224	316	6995
187.97	210.213	239.468	356	22732	1477	2411
186.725	207.161	241.365	316	34288	618	5748
183.356	208.81	241.854	472	19810	3653	16940
182.588	208.886	238.103	1585	19409	3600	13088
184.478	205.8	236.981	593	980419	5835	35047
183.111	202.309	237.75	1084	69933	24650	1161517
184.249	198.689	237.879	2769	72454	1096	28577
183.306	195.123	237.038	3282	69412	2831	9846
184.55	194.135	240.49	1679	73974	771	4482961
186.494	195.616	243.384	8638	83651	4479359	4485761
188.541	193.524	245.798	761	90284	3727	4484035
189.823	194.535	249.198	1877	101068	686	10109
193.004	192.824	250.34	361	86123	4813	14116
193.169	193.221	254.13	599	1210153	1217	9047
196.137	192.5	256.405	611	1191293	573	5702
198.632	193.77	259.035	992	5058412	1474	12015
202.253	194.761	258.325	444	10505009	2831	4729
205.037	196.673	260.068	1217	6240910	424	6888
205.067	200.449	259.362	221	8855368	1234	2760
208.361	200.645	257.474	2651869	8850626	774	7548777
207.046	197.983	255.071	637	12783134	7546441	7549028
204.135	200.12	253.834	3332	8360120	1813	7556006
206.413	201.398	251.069	2618455	5688131	7752	20857
206.786	197.87	249.663	217	9266591	11292	25553
203.133	197.442	248.771	392569	3080489	6509	38085
203.284	198.938	245.315	7292	3105813	20284	29065
203.778	197.835	241.675	1809	463502	2272	23690
207.441	197.801	240.695	37090	458472	315	4129
208.685	197.275	244.261	6880	3077246	1542	2455
210.821	194.461	245.58	1161	6612008	598	6445
211.92	193.433	249.05	671	6566148	4305	5277
211.305	190.849	251.74	3538864	3550131	374	6831
207.56	191.637	251.873	813	6575330	2152	3421
206.947	192.538	248.236	1862	6618433	895	13900
208.68	189.36	247.097	791	3951111	10853	12354
207.962	186.855	249.876	1813	3554371	606	12392
204.502	187.381	251.383	314	3559022	933	2807
202.457	189.937	249.435	558	3959335	1268	2323
203.013	190.597	245.754	1101	466027	122	11913
201.15	193.045	243.515	620	468432	10351	4456572
201.095	192.953	239.689	833	67719	4445927	4458151
203.416	195.557	238.216	5082	67190	819	4449311
200.443	196.625	236.109	1497	62554	293	2166
198.308	196.885	239.25	459	86022	1054	4452573
195.316	199.138	239.007	2354	48410	5299	8850
194.062	200.629	242.216	4426	66750	623	988019
194.901	202.324	245.524	16728	2712638	489	11345
196.823	201.272	248.68	2152	5712366	2480	3366
195.309	202.664	251.849	1124	6834205	253	17800
196.936	202.338	255.252	1756	9823037	14559	21048
196.809	203.667	258.798	150	9841213	1852	20310
198.532	202.758	262.029	579	13274592	320	950290
196.861	200.565	264.617	775	3502873	931507	932869
199.196	201.482	267.452	38337	15377906	1042	936502
196.185	202.27	269.61	3431309	7323083	3953	5235
194.311	199.097	268.723	2744	4912459	240	6188
196.408	196.067	267.712	803	8508099	1995	2668
199.521	196.826	269.753	567	12728955	433	8602
199.622	195.505	273.376	291814	8230184	3794	11642
202.929	192.499	273.006	425	4777088	5591	12017
200.599	191.409	270.148	1007	4792970	808	190671
202.11	188.272	268.624	3794	8656365	183716	191245
199.151	187.245	266.486	18192	4819039	5202	191683
200.641	188.69	263.298	872	6815555	2765	8331
202.768	186.366	261.19	3868396	6810247	364	7189
204.551	186.968	257.889	1695	9428137	669	1953
206.516	184.717	255.465	735	9656147	207	2266
203.099	185.31	242.032	558	11429	373	545
200.688	188.378	242.264	1584	17980	172	11677
197.875	187.858	244.748	560	10856	659	2075
199.372	184.562	245.953	1035	13893	1244	5699
198.347	183.428	249.46	814	37653	3796	7166
201.154	181.24	250.782	848	13336	2126	27090
199.229	179.413	253.561	686	7834	21168	23294
214.881	176.463	259.971	12253	245092	7101	7484
211.445	177.95	259.074	231440	2234104	383	17182
210.538	180.761	256.584	669	2237612	9698	11471
207.854	181.797	259.116	730	6120455	1390	12553
208.437	184.861	261.314	1988277	6110176	1258	6039
206.191	187.078	263.448	15377	6805142	3391	6595
206.048	190.469	265.153	1102	13908941	1582	6492
205.481	191.457	268.77	901185	16689048	1519	187373
203.699	194.753	268.391	1878	12867152	556	5140
203.898	197.118	271.361	3550953	16262028	1824	13835
202.559	200.725	271.738	3997	15361536	1637	40793
206.066	201.897	272.625	1371	11923894	37332	42301
207.75	200.641	269.368	4479359	12535028	3332	40664
206.646	204.655	264.4	2070	10751184	4500	4828
208.369	202.414	261.76	1184	10711448	328	80229
208.024	199.506	264.169	3552922	15206804	73393	74766
204.326	200.016	264.86	201	18640200	1045	76837
201.649	197.843	263.188	1004	18649270	2399	20479
199.742	199.169	260.218	16853	9836210	16611	26467
196.427	198.117	258.837	220	4765406	7137	29606
196.574	198.064	255.097	487	6645537	4384	28524
193.784	197.59	252.637	439	78164	2444	8189
194.596	197.282	248.977	424	447765	144	10764
191.766	198.093	246.631	1252	77832	883	981447
192.143	196.228	243.37	2096	57143	979734	983144
189.931	197.553	240.608	426	69003	1904	5466418
188.98	195.717	237.439	1188	63318	5421	9100
188.262	198.249	234.67	2114	68994	1775	7793
187.975	195.822	231.797	9069	49060	597	3297
185.079	196.76	229.55	1920	52246	925	4291
182.376	194.432	230.764	8140	75587	2769	10058
179.131	194.91	232.763	7137	80230	6364	14281
179.843	197.048	235.819	11336	86556	5148	15870
178.617	196.113	239.271	1122	62058	1527	8631
180.391	198.638	241.51	325	69352	527	1131990
179.56	202.251	240.463	733	52950	1129936	1164182
179.993	205.658	242.151	171	27987	9069	4697922
177.43	207.996	243.777	842	14038	3554597	3564252
176.351	209.659	240.577	376	16965	586	3555423
172.77	210.144	239.508	931	16890	240	3530
171.679	209.079	236.069	487	41504	2704	43107
169.814	211.219	233.575	5433	16867	28893	32721
167.23	210.397	230.939	1759	13681	1124	30793
168.472	209.208	227.569	490	24212	776	3338
167.833	211.215	224.427	851	26014	1438	4312
167.891	209.532	221.034	1078	24297	2098	4614
168.747	210.839	217.569	2479	26684	1078	4262
170.435	213.979	218.885	355	24264	1086	3049
174.123	214.922	219.392	172	51634	885	834196
174.891	214.34	223.106	1228	45568	818842	2809618
177.821	214.029	225.491	2760	958077	1981671	3648239
177.384	210.548	226.913	5012	976024	429	1984404
178.694	208.578	229.871	2347	971016	1184	7878
177.909	204.866	230.071	20426	980085	834	5611
179.321	203.238	233.191	862	1002556	1673	3469
182.268	205.655	233.179	240	977695	962	10390
182.83	205.363	229.4	799	970856	1920	4719
182.556	208.734	227.773	922793	968072	1003	4543
182.396	210.252	224.326	393	992888	436	2120
180.319	212.434	222.036	1865	962572	681	1992133
177.904	211.189	219.427	157	966996	9345	18524
174.371	210.482	218.358	1367	36659	5163	87423
172.663	207.584	220.118	1119	53016	72030	80542
170.235	205.66	217.927	2126	38720	3349	88258
168.257	202.435	217.989	7165	54299	12879	22911
170.147	199.493	216.547	1132	56118	6683	21112
169.828	195.995	215.194	7399	38340	1550	9245
173.133	194.817	216.627	253	48789	1012	3870958
172.564	191.589	218.445	4447	29973	3868396	3870199
174.853	191.745	221.405	681	65370	791	3872326
175.236	188.474	223.188	1003	31383	3139	4380
174.03	188.546	226.857	1664	33483	450	4605
177.602	188.746	228.165	22639	43594	1016	1844
178.617	191.643	225.901	239	53198	378	2208
178.374	195.196	227.146	457	73388	814	14152
180.305	197.268	224.638	1634	156607	12960	21834
180.997	196.958	220.924	1300	125969	2978	57318
184.081	198.246	219.118	961	941881	36841	45853
185.186	199.538	215.732	1355	939318	1371	38770
188.477	198.998	213.861	6218	930801	558	3154
190.026	202.016	215.6	826407	930801	1225	2393
189.103	200.459	218.99	2627	932101	610	2058
186.57	203.229	219.47	18633	946779	223	1952
183.134	202.433	220.801	7555	1876192	1119	41727
180.728	201.303	218.084	67045	955551	3544	46043
177.655	200.604	220.198	7217	137416	4539	16471
176.683	200.229	223.842	929	142191	5082	3453890
174.167	198.371	225.933	1008	66499	3431309	3455860
172.168	200.734	228.102	3172	59203	1277	3513759
172.943	199.662	231.738	588	66911	81173	84797
169.412	200.334	233.015	1086	25752	2347	483002
167.395	198.956	230.117	353	25154	6913	9995
169.133	196.255	228.161	1345	26807	735	7858
168.814	197.598	224.621	12176	45082	210	19137
171.583	198.33	222.142	979	66656	18192	3453061
172.34	201.848	221.017	2369	131139	3350	21870
174.501	202.669	218.027	1739	121499	328	9196
176.92	205.524	218.398	7068	140918	979	21866
177.417	207.693	215.352	1519	106346	20559	23133
179.886	210.583	215.867	975	92766	1595	33239
178.243	214.003	215.394	603	38056	1740	13408
178.447	215.485	211.847	971	7582592	728	3050
181.739	217.025	210.882	476	7636481	582	2633
183.822	217.868	207.849	245	7624646	627	2341
186.441	220.19	206.446	438	7619520	1132	9604
185.483	223.764	205.729	1939	7627307	1484	56591
186.811	225.472	202.659	309	122253	2410	43192
186.555	229.076	201.659	766	74018	38337	43001
186.066	229.946	198.035	4206	149095	1019	44021
187.266	233.377	197.263	328	124106	1007	6878
188.276	235.702	194.422	2414	116858	4497	10680
191.477	237.381	195.382	328	56134	4095	11336
191.118	240.099	198.031	2429	80252	1285	6406
192.466	242.551	195.387	4080	45762	1026	21152
189.012	242.082	193.678	2254	37373	18841	20732
186.518	241.385	196.456	697	73870	865	20520
186.105	240.471	200.11	16611	60051	814	4439
183.027	238.37	199.36	2173	104669	2760	3929
183.437	234.658	199.964	1595	149055	355	4950
181.487	231.421	199.617	635	119245	828	3209
181.83	228.57	202.071	315	131308	1235	42400
181.95	224.905	201.286	490	7683157	2000	75226
181.193	222.444	204.024	1673	7635861	51565	55475
182.892	219.338	202.778	54538	7639296	426	61957
181.025	216.062	202.644	7546441	7626190	1757	14365
177.958	217.223	204.578	2348	7648384	3973	5947
174.251	217.656	203.816	2565	7646285	217	4470
172.575	221.116	203.857	828	7595165	280	231937
170.883	220.162	207.17	9786	29090	231440	234708
173.264	220.184	210.16	7633	36697	2988	3792508
175.111	223.308	208.837	4968	39709	3558080	3561068
171.478	230.884	198.464	2704	3675193	2019	4316
172.465	227.245	199.291	2444	3679319	2297	18126
173.628	224.735	196.694	7046	3690684	13386	16536
174.004	221.051	197.502	122	3678524	853	17449
176.801	219.409	195.528	774	7652723	2008	45002
178.566	216.08	195.879	1731	7643798	42141	46414
181.545	217.985	197.224	4350	7638915	2265	52615
179.544	219.228	200.191	5421	7646932	8209	13859
177.077	222.028	201.047	962	7650895	1202	30690
178.036	225.292	199.261	1174	3774679	20426	24052
176.708	228.448	200.839	980	51558	424	23938
176.894	231.953	199.395	2155	3728324	791	3018
177.465	230.987	195.77	8470	3740999	975	3285
174.616	231.451	193.312	4604	3739719	1003	12224
173.77	228.399	191.254	3645616	3771295	9983	12130
173.959	229.303	187.579	4452	3757249	882	11501
172.609	227.123	184.694	9042	3727926	636	2106
175.228	228.479	182.213	52990	3727382	588	1735
178.491	226.589	182.004	2385	106861	511	2063
181.832	228.351	181.773	1949	111027	964	4030
185.498	227.486	181.802	4915	39456	2555	3885
186.621	226.25	185.254	422	87707	366	27521
188.094	228.984	187.512	1458	65719	24600	26080
188.134	228.03	191.216	76	93294	1114	25967
187.412	224.283	191.317	28893	88417	253	3570
185.11	222.868	193.939	10351	153794	958	1520
184.806	219.269	192.863	418	64072	309	2727
182.409	216.808	191.265	1474	62451	1460	2094
182.147	218.872	188.087	1348	75065	325	10743
181.412	222.112	189.94	2735	3718992	8958	19860
183.619	225.243	189.716	3679	81515	1245	11855
183.026	228.785	191.089	2334	3816860	1399	3376
183.91	232.265	189.906	3109	157942	470	3570481
183.221	235.952	190.536	1543	114032	3568612	3572292
180.958	237.402	187.816	37332	93308	2957	3574906
177.742	239.415	187.077	5050	90974	2385	6294
176.52	243.592	190.39	4232	67803	554	1506
179.238	240.87	190.775	1154	93844	952	8114
178.907	237.857	193.033	20035	118880	1266	2471
180.25	234.373	193.464	17704	3771584	253	3571369
178.55	231.84	191.25	815	3765087	263	2756
178.734	228.086	190.96	5163	3840665	262	31942
178.205	226.045	187.84	1237	3799057	20035	29629
178.976	222.819	186.084	488	3768163	9332	39671
182.146	223.46	184.153	789	128874	1346	16311
182.261	223.403	180.374	3271	198458	5633	31464
184.617	220.94	178.755	13105	137817	24485	30543
184.902	223.077	175.638	239	138901	425	26442
182.726	224.148	172.722	106529	312579	1532	26343
180.743	221.488	170.912	2377	312579	24386	28145
181.863	221.054	167.307	3342	303972	2227	48457
180.706	218.284	165	183716	328119	21844	28386
182.935	217.282	162.105	2301	219793	4315	26839
181.323	217.315	158.668	5468	236938	680	9482
182.319	213.754	157.937	24386	224927	4487	7438
181.283	211.983	154.771	580	41873	2271	8458
182.828	209.154	152.701	2145	62599	1700	11482
183.912	211.516	149.843	2301	68705	7511	11281
184.805	214.86	151.431	1220	86310	2070	14475
188.177	216.103	152.554	1300	127767	697	3831
189.135	219.419	154.083	1510	933158	1064	4570170
192.491	220.68	152.912	813	909255	922793	924096
194.057	223.833	154.326	20284	912081	239	924227
194.626	226.602	151.818	825681	891748	858	2089
196.602	228.947	154.135	740	898069	580	2480
198.724	228.658	157.304	737	887139	1042	23560
199.991	230.616	160.231	7753	44675	18773	3588180
203.265	230.393	162.065	1205	105911	3568365	3880258
202.713	230.56	165.775	791	95561	1306	3569985
205.121	230.683	168.651	1625	115292	314	24692
204.256	229.236	172.016	21483	69241	22068	32723
206.107	229.322	175.285	2769	83185	10341	51533
206.78	226.256	177.377	263	61829	14746	25724
208.254	226.753	180.798	882	69546	637	21819
210.026	224.025	182.755	1062	51930	5816	6941
211.821	223.986	186.15	976	2389382	488	8181
215.373	222.721	185.98	1054	149223	1355	6948
216.79	223.343	189.42	1502	104431	503	23235
215.94	224.226	192.985	1824	3673927	17704	19185
217.783	226.225	195.6	50719	95279	978	22037
220.81	224.357	196.893	582	140969	3355	11419
220.103	224.61	200.562	1787	120898	846	6966
222.36	223.163	203.203	18089	3662596	1836	3213
221.565	222.645	206.835	1460	4592817	531	30532
224.003	222.15	209.659	696	4588055	27313	29606
222.059	219.55	211.678	637	4565321	593	1135020
224.17	220.116	214.845	2862	4540648	1107114	1110979
223.886	223.879	214.839	3704	1006451	3272	1111633
220.18	223.699	214.067	933	1010880	854	4799
219.378	221.371	216.962	471	1011865	673	1912
222.064	222.412	219.532	277	1019420	385	1451
223.166	225.933	218.505	900	1011259	393	7754
226.312	226.84	220.447	3609	25708	3704	6770
225.632	224.34	223.233	508	933631	2673	6822
228.132	221.756	224.421	6542	20622	445	3339
225.683	220.137	226.807	1315	929427	221	1528
223.071	219.637	224.044	722	939034	862	2199
225.708	218.475	221.479	818	30746	1116	3858
226.93	215.726	223.766	2438	18186	951	2702
223.341	214.485	224.112	2529	23309	635	2515
222.872	214.719	220.356	964	29378	929	4375
225.822	212.36	219.851	1499	16802	1695	5626
223.808	209.599	221.518	194	11718	3002	81545
221.712	209.463	218.358	380	14572	76848	80912
224.69	208.301	216.324	1619	12789	1062	80287
224.549	209.057	212.61	874	3547989	2377	7118
221.025	210.452	212.687	403	3550746	3679	6536
222.493	213.979	212.363	1500	3560486	480	5329
225.247	213.389	209.707	1159	3554069	1170	2616
223.122	211.235	207.419	4197	3554002	761	5360
220.846	214.258	206.968	2047	3601346	685	13272
223.795	216.4	206.072	3533153	3593660	205	4804
224.595	213.713	203.5	4497	3586931	2744	15331
221.09	213.612	202.045	425	3592369	11621	15865
220.98	217.373	201.561	636	3609268	815	14753
224.41	217.37	199.991	1904	3596195	2317	12367
223.229	214.756	197.519	15479	3572035	2995	6130
220.392	217.049	196.503	573	118075	818	10053
222.64	220.062	196.179	3272	116731	6240	13615
224.963	218.146	193.893	7511	35700	885	7319
222.307	216.851	191.536	205	57700	194	3213
221.037	220.416	191.142	378	117353	1288	5227
224.2	221.219	189.227	1516	56121	3745	5879
223.859	217.999	187.308	357	47586	846	4987
220.336	219.018	186.291	1995	132027	202	1963
221.513	222.368	185.029	14360	61655	915	1884
224.446	220.88	183.181	2831	52603	767	1946
222.376	218.2	181.442	8362	120597	264	3050
219.812	220.704	180.202	938	129393	2019	7580
222.065	223.496	178.997	1199	72308	3711	10798
225.522	222.09	178.319	1711	57594	5068	9938
224.527	220.075	175.269	487	37695	1159	18480
226.767	221.94	172.91	2148	48109	12253	15143
230.494	221.228	172.682	767	48691	1731	23026
231.326	224.734	171.458	2752	50155	9042	11836
230.14	228.235	171.99	2393	61874	1063	3570823
228.653	229.4	168.738	16330	91375	3550953	3573237
227.904	232.983	167.916	527	235996	11456	3565215
225.925	234.699	165.195	6674	228523	2806	81307
227.6	236.934	162.571	1025	3632498	67045	74983
227.602	240.766	162.873	2812	3586264	5132	72505
225.293	240.841	159.855	1189	3586194	328	6440
221.829	239.508	160.615	2019	3593137	980	4689
220.943	238.302	157.121	3572018	3593247	3381	11026
218.482	235.604	158.151	457	3777831	6665	17697
216.033	235.813	155.275	4500	3614699	7651	17926
213.762	238.389	156.878	364	3623630	3610	13017
213.5	236.499	160.154	413	3778806	1756	8885
214.142	238.871	163.088	1065	3642317	1877	8237
215.83	237.144	166.074	95	196867	4604	14555
217.012	240.29	167.821	506	18590	8074	14188
214.699	239.695	170.756	561	29051	1510	18710
216.024	236.212	171.508	1114	32295	9126	23741
219.711	236.849	170.766	932	78600	13105	25954
222.014	238.376	173.475	2227	82933	3723	20330
222.047	242.143	174.028	3817	56296	1976	7166
225.727	243.427	173.997	17374	50852	1467	3879
224.803	246.576	175.943	1401	48180	436	2548
223.902	244.718	179.127	634	52455	645	1646
226.247	243.855	182.098	14746	46464	565	1357
225.194	240.266	181.424	5202	61441	147	5201
224.658	239.36	177.811	1283	64214	4489	5934
221.08	238.166	177.976	1496	96139	1298	9738
218.393	238.642	175.356	1740	75891	228	6425
215.474	241.017	175.688	482	45369	1176	2920
213.126	238.138	176.397	2219	103133	1516	6184
215.423	236.568	178.953	728	80594	3492	6389
215.504	239.831	180.885	2053	62470	1381	17459
211.717	239.722	180.999	21844	124909	12586	14438
211.809	236.242	182.475	3048	100265	471	14172
214.328	237.211	185.148	1217	61013	1115	26631
212.266	240.217	186.132	10089	81710	25045	932578
209.14	238.121	186.786	834	112402	906418	931935
210.372	235.251	188.951	4289	2324353	472	907785
211.427	236.362	192.486	1410	27092	895	1367
219.253	232.525	208.642	7101	1040671	12176	14361
221.626	232.087	211.655	1415	1032490	2185	21266
220.171	228.712	212.566	979734	1040488	6905	10259
222.649	226.637	210.591	4384	1056982	1169	36239
220.662	227.225	207.412	4043	1058314	852	2738
222.666	228.408	204.438	29728	1053416	186	1967
222.343	228.522	200.673	2901	121563	929	5456680
225.038	227.376	198.304	1063	109866	5454719	5464724
225.545	229.056	194.912	433	102214	9076	5464375
225.007	227.087	191.691	385	102082	580	10620
228.067	226.063	189.752	907	42234	964	2892
226.795	227.707	186.595	8074	41439	1348	32040
226.061	231.375	187.091	847	22160	29728	44191
223.298	233.157	185.218	3349	41669	13115	43327
225.914	234.547	182.87	511	47829	484	14374
227.157	231.056	182.036	223	36679	775	3063
223.665	229.828	181.397	2046	55337	971	2593
223.113	232.773	179.087	4758	53537	847	2651
226.251	231.825	177.183	627	62789	833	4045
224.962	228.299	176.721	3745	83675	659	1969
221.553	229.37	175.502	1566	84147	477	2067
223.293	231.816	173.209	631	86778	931	12006
225.429	229.036	171.752	1633	239941	9765	3564391
222.447	226.765	171.279	5836	241518	1679	11917
220.502	229.551	169.665	3727	246255	473	4664
223.324	230.674	167.397	20559	243285	1531	2979
223.803	227.07	166.364	649	253317	975	3487
220.097	226.598	165.676	927	246636	981	4760
219.939	229.723	163.561	157317	222812	1566	24030
223.115	229.394	161.495	9345	235623	21483	23964
223.56	225.604	161.16	2765	232415	915	35258
220.161	224.043	161.831	554	215506	765	2824
220.492	220.603	163.355	667	194670	163	11268
223.91	219.791	162.035	2163	34712	10340	12597
225.649	221.185	165.099	5148	62121	2094	3065855
223.771	218.657	167.208	251	34399	3048516	3065987
224.972	215.666	165.192	2225	18753	15377	3064869
228.514	216.86	164.442	1062	19270	976	17046
230.025	220.037	163.045	4428	25773	693	7975
228.04	223.211	162.722	1601	73145	4212	18361
227.462	223.419	159.006	958	30101	11362	17222
226.373	226.789	157.784	337	189158	733	13363
223.173	226.99	155.81	424	183413	353	3539950
221.129	230.025	154.611	3088	3757419	3538864	3542072
218.3	230.474	157.038	202	3759123	2855	3544602
215.627	230.361	154.359	4095	3611826	424	4344
216.958	227.006	153.193	256	18798	1065	7036
217.023	225.748	156.723	179	185010	2459	9450
213.353	226.59	156.946	129	181313	3071	9417
212.744	224.74	153.698	1753	19374	3088	9270
213.956	221.588	155.343	488	16516	679	4566
211.85	222.306	158.392	420	28821	799	5036
208.829	222.537	156.078	814	19304	487	4784
209.6	219.317	154.22	607	13695	3498	4622
209.832	217.698	157.647	373	17948	637	5257
206.168	218.482	158.306	1852	24346	1122	1990036
204.91	217.306	154.941	1026	13992	1988277	1990682
204.814	220.694	153.215	597	17324	1283	1991663
206.745	221.034	149.98	1033	19176	2103	4753
209.64	223.509	150.157	639	11783	1367	8295
208.299	225.688	147.385	783	11294	1737	6009
205.613	226.793	149.81	713	16010	2905	5148
208.204	228.421	151.988	639	46633	506	5627
209.964	230.244	149.242	618	22043	2216	5179
206.819	231.465	147.571	895	14777	1759	4864
205.512	232.653	150.933	2084	43554	889	3346
208.847	233.579	152.508	119	55118	698	9132
207.829	237.166	153.182	4310	47789	5329	2661297
204.594	236.061	154.805	2957	53007	2655270	2661075
206.318	233.483	156.939	1020	84445	476	2657388
209.007	235.856	158.106	21664	82141	1642	5063
206.368	238.464	158.957	7752	72450	1189	828512
204.246	235.985	160.882	310	87720	825681	829089
207.294	234.815	162.784	144	97556	2219	829182
208.373	238.333	163.647	436	77865	1282	3983
204.872	239.2	164.819	27313	76040	482	11550
204.616	236.045	166.905	1294	110300	9786	10707
207.773	236.935	168.792	964	110035	439	10824
206.443	240.406	169.552	6913	74345	599	3201
203.358	238.723	171.003	473	118676	2163	55752
205.558	236.617	173.29	3071	127066	52990	55614
207.044	239.752	174.756	685	116450	461	53806
203.661	241.334	175.356	26378	111213	355	2480
202.433	238.234	177.142	1959	101269	1664	3824465
205.498	237.778	179.329	8209	132864	3822446	3825404
205.655	241.474	180.188	16938	125004	1294	3824329
202.048	241.606	181.417	20684	109757	589	3037
201.054	238.152	182.666	3095	91727	1154	2931
202.781	237.399	185.967	5214	83216	1188	9507
201.221	233.933	186.046	3653	54674	7165	11800
203.153	233.085	182.887	264	78574	2359	12795
206.103	231.992	185.019	1438	2312494	3271	6718
204.033	230.266	187.701	3061	2289945	1088	16315
205.88	226.982	187.194	530	2282432	3991	3563366
209.157	228.562	188.307	1003	2297451	3558287	3563078
207.684	230.878	190.907	441	5859758	800	3560251
205.994	227.898	192.536	2255120	5845188	76	3543
209.299	226.105	192.987	2892	5921979	239	1858
210.729	229.121	194.717	4821	5918949	1543	4210
207.668	229.39	196.924	1346	5857397	2428	4529
207.691	225.734	197.946	3568365	5866594	482	5874
211.315	225.894	198.983	482	5924252	2964	6198
210.832	229.154	200.84	424	5917707	2752	8975
207.883	227.651	202.666	16619	3612416	3259	9353
209.883	224.567	203.589	936	3615757	3342	10644
212.647	226.655	205.132	477	3625407	4043	17800
210.289	228.991	206.92	10340	3611442	8362	14144
208.523	226.013	208.424	4489	43219	1739	12154
211.815	224.521	209.543	677	1033070	2053	8469
212.894	227.737	211.249	548	1037662	634	3497
209.567	228.286	212.962	823	21421	810	2306
209.819	224.815	214.516	161	3594094	862	2373
212.676	226.09	216.658	918	4564730	701	7858
210.102	228.081	218.636	969	3576156	6295	8861
208.238	224.931	219.659	2019	3577130	1865	10618
208.611	223.406	223.105	3568612	3579876	2458	7913
207.905	219.787	222.205	207	3580573	1205	21037
207.019	219.207	225.867	445	3576831	17374	19506
210.015	221.111	227.218	374	3583701	927	23244
209.717	223.994	229.681	366	3583290	2485	4461
211.122	226.284	226.986	471	3586622	1049	4992
211.945	226.297	223.302	173	3588676	1458	6970
215.062	228.277	224.12	398	4492659	2005	6745
217.976	226.007	224.831	1042	5318503	3282	6053
219.931	228.62	226.742	2005	1744275	766	8714
216.978	229.208	229.073	5813	1739593	4666	6440
216.914	225.558	230	1748	1747093	1008	8409
220.642	225.472	230.649	906418	1745258	2735	2258863
220.704	228.716	232.625	818842	1739467	2255120	2258141
217.962	227.464	234.929	810	1739469	286	2255651
218.409	223.74	235.47	821	1742697	245	5553
221.261	221.611	236.778	1282	1733241	5022	5750
222.412	218.874	234.291	402	919896	483	908552
220.366	215.971	235.875	972	9066	1862	3841
217.201	217.909	235.006	642	918581	1496	904543
218.414	220.037	232.106	686	1747678	901185	904306
219.235	216.926	230.119	618	924729	1142	904565
215.644	215.752	230.295	2996	16221	1748	8703
214.308	219.026	228.976	647	4491426	5813	8051
216.969	219.095	226.295	539	4500377	490	8094
216.216	215.567	225.126	623	15399	649	4487
212.649	216.706	224.53	975	3579649	2118	4312
213.914	219.507	222.29	794	3587136	1545	4893
216.409	217.276	220.516	855	19362	1230	7656
213.788	214.736	219.63	659	9398	4232	5635
211.477	217.428	218.276	586	3583453	173	5425
214.17	219.288	216.356	180	3588691	1020	3356
215.762	216.14	214.98	658	26467	1289	12359
212.333	214.974	213.873	511	18119	10050	12213
211.781	218.383	212.281	996	24186	874	28672
214.923	218.075	210.192	1919	3561823	16728	21945
214.04	214.568	209.126	951	29249	3522	20404
210.675	215.81	207.947	2555	21492	154	4497
212.327	218.664	206.051	5329	29641	821	17923
214.934	216.492	204.397	1723	3561064	220	4637
212.407	213.89	203.342	3610	24128	1809	4368
210.286	216.572	201.714	522	23980	2339	5935
213.342	217.989	199.954	925	3595899	1787	15117
214.279	214.569	198.587	680	39500	2301	219070
210.811	214.006	197.23	531	18234	214626	225397
210.624	217.512	195.804	1582	3664400	8470	225239
214.095	217.104	194.331	693	164044	356	12029
212.892	214.01	192.501	1542	87273	902	8209
210.108	216.056	190.938	228	89172	1939	7662
212.583	218.697	189.824	5022	100341	4821	12260
214.92	216.047	188.488	1176	110286	5012	16212
212.137	214.578	186.39	72030	92345	1397	6897
211.39	218.055	185.037	915	176237	488	21380
215.068	218.642	184.336	649	204152	4080	15162
215.23	215.34	182.494	1169	193694	2079	16753
212.271	216.393	180.407	704	170509	10594	15833
213.847	219.743	179.7	821	217773	2148	18408
217.072	218.054	178.653	1789	194834	1586	6277
215.136	215.712	176.398	81173	98567	524	14203
213.393	218.631	174.76	147	107140	1499	4269
216.583	220.537	174.304	186	124866	1471	4032
218.017	217.635	172.327	698	95863	1062	2851
214.84	216.621	170.503	180	95509	318	3336
213.371	220.112	170.032	201	114349	457	4223
216.192	222.727	169.821	635	123409	1949	9524
218.999	220.612	168.366	796	39541	900	14185
216.66	218.72	166.028	412	24813	11336	12686
213.077	218.77	164.757	259	20493	450	13870
210.325	216.892	166.532	2172	22860	2084	4153
207.987	214.46	164.839	862	14968	1619	6116
206.5	213.788	168.254	449	11617	2413	8449
203.039	215.299	168.552	1288	19487	4417	8047
202.562	218.104	171.051	1016	19487	1217	14667
206.019	217.386	172.391	510	20476	1220	3149
207.2	220.847	171.22	470	74220	712	9565
203.889	222.801	171.307	1115	71288	7633	9742
200.616	222.315	169.473	4539	54529	180	13340
200.92	222.277	165.693	3971	61187	4310	11558
203.537	220.859	163.396	1545	44452	7068	409721
206.905	221.522	164.943	1550	44733	106529	130848
209.428	223.458	162.915	1829	36863	3982	111078
212.079	224.745	165.317	1250	193442	567	10767
212.606	225.867	168.894	2831	228794	6218	12003
214.702	228.399	170.739	2227	238554	1497	9969
215.806	228.095	174.402	1327	67036	2254	5330
215.812	231.052	176.774	659	78288	418	3182
217.13	230.947	180.321	922	65644	510	5019
215.043	231.734	183.381	1976	87386	2172	5844
215.641	231.662	187.162	1642	60534	3162	9007
216.056	228.012	188.08	2459	100243	3673	7860
214.641	226.881	184.759	1737	62232	522	7957
214.432	226.973	181	1235	72113	1919	3571
211.909	228.505	178.682	12540	53530	620	4337
211.336	227.196	175.204	9332	73829	1161	8413
209.896	229.191	172.378	4212	79951	4378	17652
208.373	226.641	170.065	461	86705	1772	13372
207.821	227.674	166.489	6424	79772	1004	16359
205.086	225.645	164.878	2271	74983	13269	412616
203.185	225.443	161.618	2079	55524	291814	3899149
199.453	225.591	162.046	3391	76236	18633	312926
196.919	225.202	159.171	1772	890661	2479	22840
194.859	228.401	159.106	7628	881463	686	6434
192.154	228.311	156.465	8958	898981	2227	3250
190.449	225.373	154.785	852	904468	337	4077
188.137	224.401	151.971	13367	896978	1274	3647227
185.747	221.451	151.428	13115	67609	3645616	3649743
186.892	219.315	148.438	2216	71843	1789	3651602
185.372	216.193	147	2172	72903	4197	38688
187.799	213.313	147.082	2863	114211	20543	29207
188.552	209.818	145.86	24650	74642	1295	22686
191.061	207.106	146.892	2964	71005	848	2705
192.028	206.454	143.29	1306	127124	562	5071
191.405	207.432	139.691	11503	134857	642	4096
190.605	205.21	136.669	289	103727	2892	9413
192.268	205.958	133.313	3259	98677	2529	8819
192.369	203.013	130.883	11532	42250	3398	39608
190.942	200.579	133.417	3139	56209	33681	38388
194.118	201	135.432	1258	105811	1309	38386
193.884	202.313	138.984	5263	122457	2863	20137
196.065	205.354	139.644	978	155466	12540	17679
196.982	206.386	143.192	506	167737	972	14496
198.869	209.571	144.253	1277	976473	422	838324
202.547	209.133	144.982	4666	939857	822570	823649
202.135	211.983	147.425	1285	63406	657	824223
199.064	213.981	148.277	293	74616	996	12565
195.421	213.297	147.578	4305	92640	1802	3087
192.994	213.562	144.737	332	129469	289	10477
190.612	216.457	145.057	926	133598	3172	34093
187.777	217.897	143.075	645	118714	10089	29734
186.536	221.492	142.929	858	63433	1035	3544277
183.225	220.163	141.442	2141	34982	3533153	3537448
184.317	220.072	137.806	1350	26805	3260	3536656
187.981	219.048	137.68	21249	52903	243	14744
190.188	216.571	139.495	562	146242	11241	22236
193.578	217.602	140.794	663	120747	663	17118
196.248	216.059	142.919	36841	121973	5214	9261
197.621	218.045	145.81	263	93935	3095	15607
199.819	217.802	148.875	210	89232	5050	10106
197.925	216.891	152.023	2317	81815	965	13837
198.885	219.831	154.211	598	876230	6826	9376
198.499	222.704	151.779	383	884629	1585	8823
196.136	223.273	148.91	5112	926745	412	3591
198.134	223.475	145.741	3313	902801	736	2400
196.238	221.728	142.941	1306	82465	1252	5444
198.147	220.087	140.134	2978	101505	361	21811
197.074	218.357	136.968	22068	949659	20198	25502
196.947	214.64	137.49	1407	973387	4943	27282
199.701	213.065	135.454	18841	939852	2141	12746
201.665	209.854	135.289	9983	953188	2414	5973
204.46	211.646	137.151	822570	902173	1418	4471
202.153	212.393	140.096	6683	937069	639	16417
200.484	209.007	140.39	2311	979635	14360	15622
201.381	205.336	140.236	1091	925612	201	15865
199.474	202.338	138.968	46858	105702	1304	14828
198.493	199.274	140.891	736	75045	783	9715
195.699	196.875	140.078	13123	78607	7628	8944
192.563	197.969	138.277	1295	108855	533	118636
189.157	199.697	138.601	320	71106	106303	108151
187.233	196.594	139.845	3355	34080	1315	108166
189	196.491	143.194	1024	30376	548	2799
189.069	199.945	144.815	1258	76923	936	3598
185.992	201.13	146.656	1397	45450	2114	5951
185.08	204.669	145.695	982	60907	2901	7062
187.367	204.829	142.671	2359	70076	2047	12909
186.314	207.518	140.209	5835	66739	7399	9933
186.728	208.104	136.449	895	73431	487	13774
189.053	210.86	135.15	1034	66784	2996	4307
191.956	211.168	132.794	885	82906	824	5443
195.62	210.972	133.58	600	926076	1623	6213
197.884	213.126	131.49	2428	901129	1625	7112
201.002	211.585	129.99	6625	881181	1723	4848
203.71	214.294	129.434	1623	880059	1500	7649
205.378	212.067	126.853	2673	3592645	4426	7559
202.439	211.937	124.48	450	3607262	1633	10398
202.685	215.526	123.036	9698	3604834	4339	8672
206.443	215.186	122.616	3398	3604834	157	5716
205.971	212.152	120.414	1170	3598209	1220	3920
202.726	213.473	118.918	3554597	3596586	2543	9028
204.416	216.678	117.584	24600	3593913	926	3469
